          0.00   0.10   0.20   0.30   0.40   0.50   0.60   0.70   0.80   0.90
 -180.0  0.000  0.000  0.000  0.000  0.000  0.000  0.000  0.000  0.000  0.000
 -174.0  0.248  0.249  0.252  0.259  0.269  0.283  0.302  0.207  0.184  0.215
 -168.0  0.478  0.481  0.488  0.500  0.519  0.546  0.584  0.384  0.356  0.416
 -162.0  0.678  0.681  0.691  0.708  0.735  0.773  0.827  0.516  0.504  0.590
 -156.0  0.834  0.838  0.851  0.872  0.905  0.952  1.018  0.603  0.621  0.726
 -150.0  0.942  0.947  0.961  0.985  1.022  1.076  1.149  0.656  0.701  0.820
 -144.0  0.999  1.004  1.019  1.045  1.084  1.141  1.218  0.680  0.743  0.870
 -138.0  1.007  1.012  1.027  1.053  1.093  1.150  1.227  0.678  0.749  0.876
 -132.0  0.970  0.975  0.989  1.014  1.053  1.107  1.179  0.649  0.722  0.844
 -126.0  0.893  0.898  0.911  0.934  0.969  1.020  1.081  0.596  0.664  0.777
 -120.0  0.783  0.786  0.798  0.818  0.849  0.893  0.941  0.522  0.582  0.681
 -114.0  0.643  0.646  0.656  0.673  0.698  0.734  0.766  0.429  0.478  0.560
 -108.0  0.481  0.483  0.490  0.503  0.521  0.549  0.565  0.320  0.358  0.418
 -102.0  0.300  0.302  0.306  0.314  0.326  0.343  0.349  0.200  0.223  0.261
  -96.0  0.108  0.109  0.110  0.113  0.117  0.123  0.124  0.072  0.080  0.094
  -90.0 -0.090 -0.090 -0.091 -0.094 -0.097 -0.102 -0.103 -0.060 -0.067 -0.078
  -84.0 -0.286 -0.288 -0.292 -0.299 -0.311 -0.327 -0.329 -0.191 -0.213 -0.249
  -78.0 -0.475 -0.477 -0.484 -0.497 -0.515 -0.542 -0.551 -0.316 -0.353 -0.413
  -72.0 -0.650 -0.653 -0.663 -0.680 -0.705 -0.742 -0.764 -0.433 -0.483 -0.566
  -66.0 -0.805 -0.809 -0.821 -0.842 -0.873 -0.919 -0.958 -0.536 -0.599 -0.701
  -60.0 -0.935 -0.939 -0.953 -0.978 -1.014 -1.067 -1.124 -0.623 -0.695 -0.814
  -54.0 -1.035 -1.040 -1.055 -1.082 -1.123 -1.181 -1.253 -0.691 -0.770 -0.900
  -48.0 -1.099 -1.104 -1.121 -1.149 -1.192 -1.255 -1.336 -0.735 -0.817 -0.956
  -42.0 -1.122 -1.128 -1.144 -1.173 -1.218 -1.281 -1.367 -0.755 -0.835 -0.977
  -36.0 -1.100 -1.105 -1.121 -1.150 -1.193 -1.255 -1.341 -0.749 -0.818 -0.957
  -30.0 -1.027 -1.032 -1.047 -1.074 -1.114 -1.172 -1.253 -0.715 -0.764 -0.894
  -24.0 -0.893 -0.898 -0.911 -0.934 -0.969 -1.020 -1.090 -0.639 -0.665 -0.778
  -22.0 -0.819 -0.823 -0.835 -0.856 -0.888 -0.935 -0.999 -0.581 -0.609 -0.713
  -21.0 -0.770 -0.774 -0.785 -0.805 -0.836 -0.879 -0.940 -0.542 -0.573 -0.670
  -20.0 -0.716 -0.720 -0.730 -0.749 -0.777 -0.818 -0.874 -0.498 -0.533 -0.623
  -19.0 -0.662 -0.665 -0.675 -0.693 -0.719 -0.756 -0.808 -0.455 -0.493 -0.576
  -18.0 -0.614 -0.617 -0.626 -0.642 -0.666 -0.700 -0.748 -0.417 -0.456 -0.534
  -17.0 -0.572 -0.575 -0.583 -0.598 -0.621 -0.653 -0.697 -0.384 -0.426 -0.498
  -16.0 -0.538 -0.540 -0.548 -0.562 -0.584 -0.614 -0.652 -0.359 -0.400 -0.468
  -15.0 -0.509 -0.511 -0.519 -0.532 -0.552 -0.581 -0.608 -0.339 -0.378 -0.443
  -14.0 -0.483 -0.485 -0.492 -0.505 -0.524 -0.551 -0.559 -0.322 -0.359 -0.420
  -13.0 -0.462 -0.464 -0.471 -0.483 -0.501 -0.527 -0.499 -0.307 -0.343 -0.402
  -12.0 -0.444 -0.446 -0.452 -0.464 -0.481 -0.506 -0.406 -0.295 -0.330 -0.386
  -11.0 -0.433 -0.435 -0.441 -0.452 -0.469 -0.494 -0.292 -0.288 -0.322 -0.376
  -10.0 -0.440 -0.442 -0.449 -0.460 -0.477 -0.500 -0.270 -0.293 -0.327 -0.383
   -9.0 -0.611 -0.614 -0.623 -0.639 -0.661 -0.352 -0.373 -0.407 -0.454 -0.531
   -8.0 -0.618 -0.621 -0.630 -0.646 -0.659 -0.353 -0.377 -0.411 -0.460 -0.538
   -7.0 -0.509 -0.512 -0.519 -0.532 -0.551 -0.294 -0.311 -0.339 -0.379 -0.443
   -6.0 -0.396 -0.398 -0.404 -0.414 -0.430 -0.290 -0.242 -0.264 -0.294 -0.345
   -5.0 -0.258 -0.260 -0.264 -0.270 -0.280 -0.292 -0.158 -0.172 -0.192 -0.225
   -4.0 -0.108 -0.109 -0.110 -0.113 -0.117 -0.123 -0.085 -0.072 -0.080 -0.094
   -3.0  0.000  0.000  0.000  0.001  0.001  0.001  0.001  0.000  0.000  0.000
   -2.0  0.107  0.107  0.109  0.112  0.116  0.122  0.130  0.092  0.080  0.093
   -1.0  0.213  0.214  0.217  0.223  0.231  0.243  0.260  0.283  0.171  0.185
    0.0  0.375  0.376  0.382  0.392  0.406  0.428  0.457  0.497  0.309  0.326
    1.0  0.581  0.584  0.593  0.608  0.631  0.663  0.709  0.769  0.435  0.506
    2.0  0.696  0.699  0.710  0.728  0.755  0.794  0.849  0.877  0.518  0.606
    3.0  0.801  0.805  0.817  0.837  0.869  0.914  0.977  0.606  0.596  0.697
    4.0  0.900  0.905  0.918  0.941  0.977  1.028  1.088  0.601  0.670  0.784
    5.0  0.985  0.990  1.005  1.030  1.069  1.125  0.852  0.656  0.733  0.857
    6.0  1.053  1.058  1.074  1.101  1.143  1.201  0.655  0.701  0.783  0.917
    7.0  1.126  1.131  1.148  1.177  1.222  1.222  0.688  0.749  0.838  0.980
    8.0  1.193  1.199  1.217  1.248  1.295  1.050  0.728  0.794  0.888  1.038
    9.0  1.243  1.249  1.268  1.300  1.349  0.955  0.759  0.828  0.925  1.082
   10.0  1.264  1.270  1.289  1.322  1.371  0.815  0.772  0.841  0.940  1.100
   11.0  1.290  1.296  1.315  1.349  1.398  0.761  0.787  0.858  0.959  1.122
   12.0  1.322  1.328  1.348  1.382  1.431  0.761  0.807  0.880  0.983  1.151
   13.0  1.333  1.340  1.359  1.394  1.436  0.763  0.814  0.887  0.992  1.160
   14.0  1.296  1.302  1.321  1.355  1.393  0.741  0.791  0.863  0.964  1.128
   15.0  1.215  1.221  1.239  1.270  1.310  0.696  0.742  0.809  0.904  1.057
   16.0  1.020  1.025  1.040  1.067  1.107  0.635  0.623  0.679  0.759  0.888
   17.0  0.972  0.976  0.991  1.016  1.054  0.986  0.593  0.647  0.723  0.846
   18.0  0.915  0.919  0.933  0.956  0.993  1.044  0.579  0.609  0.680  0.796
   19.0  0.876  0.880  0.893  0.916  0.951  1.000  0.955  0.583  0.652  0.762
   20.0  0.879  0.883  0.896  0.919  0.953  1.003  1.057  0.586  0.654  0.765
   21.0  0.884  0.889  0.902  0.925  0.960  1.009  1.075  0.592  0.658  0.770
   22.0  0.891  0.895  0.908  0.931  0.966  1.017  1.086  0.603  0.663  0.775
   24.0  0.916  0.920  0.934  0.957  0.994  1.045  1.117  0.639  0.681  0.797
   30.0  1.027  1.032  1.047  1.074  1.115  1.173  1.253  0.715  0.764  0.894
   36.0  1.100  1.105  1.121  1.150  1.193  1.255  1.341  0.749  0.818  0.957
   42.0  1.122  1.128  1.144  1.173  1.218  1.281  1.367  0.755  0.835  0.977
   48.0  1.099  1.104  1.121  1.149  1.192  1.255  1.336  0.735  0.817  0.956
   54.0  1.035  1.040  1.055  1.082  1.123  1.181  1.253  0.691  0.770  0.900
   60.0  0.935  0.939  0.953  0.978  1.014  1.067  1.124  0.623  0.695  0.814
   66.0  0.805  0.809  0.821  0.842  0.873  0.919  0.958  0.536  0.599  0.701
   72.0  0.650  0.653  0.663  0.680  0.705  0.742  0.764  0.433  0.483  0.566
   78.0  0.475  0.477  0.484  0.497  0.515  0.542  0.551  0.316  0.353  0.413
   84.0  0.286  0.288  0.292  0.299  0.311  0.327  0.329  0.191  0.213  0.249
   90.0  0.090  0.090  0.091  0.094  0.097  0.102  0.103  0.060  0.067  0.078
   96.0 -0.108 -0.109 -0.110 -0.113 -0.117 -0.123 -0.124 -0.072 -0.080 -0.094
  102.0 -0.300 -0.302 -0.306 -0.314 -0.326 -0.343 -0.349 -0.200 -0.223 -0.261
  108.0 -0.481 -0.483 -0.490 -0.503 -0.521 -0.549 -0.565 -0.320 -0.358 -0.418
  114.0 -0.643 -0.646 -0.656 -0.673 -0.698 -0.734 -0.766 -0.429 -0.478 -0.560
  120.0 -0.783 -0.786 -0.798 -0.818 -0.849 -0.893 -0.941 -0.522 -0.582 -0.681
  126.0 -0.893 -0.898 -0.911 -0.934 -0.969 -1.020 -1.081 -0.596 -0.664 -0.777
  132.0 -0.970 -0.975 -0.989 -1.014 -1.053 -1.107 -1.179 -0.649 -0.722 -0.844
  138.0 -1.007 -1.012 -1.027 -1.053 -1.093 -1.150 -1.227 -0.678 -0.749 -0.876
  144.0 -0.999 -1.004 -1.019 -1.045 -1.084 -1.141 -1.218 -0.680 -0.743 -0.870
  150.0 -0.942 -0.947 -0.961 -0.985 -1.022 -1.076 -1.149 -0.656 -0.701 -0.820
  156.0 -0.834 -0.838 -0.851 -0.872 -0.905 -0.952 -1.018 -0.603 -0.621 -0.726
  162.0 -0.678 -0.681 -0.691 -0.708 -0.735 -0.773 -0.827 -0.516 -0.504 -0.590
  168.0 -0.478 -0.481 -0.488 -0.500 -0.519 -0.546 -0.584 -0.384 -0.356 -0.416
  174.0 -0.248 -0.249 -0.252 -0.259 -0.269 -0.283 -0.302 -0.207 -0.184 -0.215
  180.0  0.000  0.000  0.000  0.000  0.000  0.000  0.000  0.000  0.000  0.000
          0.00   0.10   0.20   0.30   0.40   0.50   0.60   0.70   0.80   0.90
 -180.0  0.005  0.005  0.005  0.005  0.005  0.005  0.005  0.021  0.084  0.135
 -174.0  0.037  0.037  0.037  0.037  0.037  0.037  0.037  0.054  0.117  0.168
 -168.0  0.131  0.131  0.131  0.131  0.131  0.131  0.131  0.149  0.212  0.262
 -162.0  0.278  0.278  0.278  0.278  0.278  0.278  0.278  0.298  0.361  0.411
 -156.0  0.465  0.465  0.465  0.465  0.465  0.465  0.465  0.488  0.552  0.599
 -150.0  0.678  0.678  0.678  0.678  0.678  0.678  0.678  0.704  0.768  0.814
 -144.0  0.902  0.902  0.902  0.902  0.902  0.902  0.902  0.931  0.996  1.040
 -138.0  1.124  1.124  1.124  1.124  1.124  1.124  1.124  1.157  1.222  1.264
 -132.0  1.334  1.334  1.334  1.334  1.334  1.334  1.335  1.371  1.435  1.475
 -126.0  1.524  1.524  1.524  1.524  1.524  1.524  1.526  1.566  1.630  1.668
 -120.0  1.691  1.691  1.691  1.691  1.691  1.691  1.693  1.736  1.799  1.836
 -114.0  1.831  1.831  1.831  1.831  1.831  1.831  1.834  1.878  1.942  1.977
 -108.0  1.941  1.941  1.941  1.941  1.941  1.941  1.945  1.991  2.054  2.088
 -102.0  2.021  2.021  2.021  2.021  2.021  2.021  2.026  2.073  2.136  2.169
  -96.0  2.069  2.069  2.069  2.069  2.069  2.069  2.074  2.122  2.185  2.218
  -90.0  2.085  2.085  2.085  2.085  2.085  2.085  2.090  2.138  2.201  2.233
  -84.0  2.068  2.068  2.068  2.068  2.068  2.068  2.073  2.121  2.184  2.216
  -78.0  2.019  2.019  2.019  2.019  2.019  2.019  2.023  2.071  2.133  2.166
  -72.0  1.938  1.938  1.938  1.938  1.938  1.938  1.942  1.988  2.051  2.085
  -66.0  1.826  1.826  1.826  1.826  1.826  1.826  1.829  1.874  1.937  1.972
  -60.0  1.686  1.686  1.686  1.686  1.686  1.686  1.688  1.731  1.795  1.831
  -54.0  1.519  1.519  1.519  1.519  1.519  1.519  1.521  1.561  1.625  1.663
  -48.0  1.329  1.329  1.329  1.329  1.329  1.329  1.330  1.366  1.431  1.471
  -42.0  1.119  1.119  1.119  1.119  1.119  1.119  1.120  1.153  1.217  1.259
  -36.0  0.898  0.898  0.898  0.898  0.898  0.898  0.898  0.928  0.992  1.036
  -30.0  0.674  0.674  0.674  0.674  0.674  0.674  0.675  0.700  0.765  0.811
  -24.0  0.447  0.447  0.447  0.447  0.447  0.447  0.447  0.471  0.535  0.582
  -22.0  0.361  0.361  0.361  0.361  0.361  0.361  0.361  0.385  0.449  0.496
  -21.0  0.317  0.317  0.317  0.317  0.317  0.317  0.317  0.342  0.406  0.452
  -20.0  0.277  0.277  0.277  0.277  0.277  0.277  0.277  0.303  0.367  0.413
  -19.0  0.245  0.245  0.245  0.245  0.245  0.245  0.245  0.272  0.337  0.382
  -18.0  0.221  0.221  0.221  0.221  0.221  0.221  0.221  0.251  0.315  0.359
  -17.0  0.203  0.203  0.203  0.203  0.203  0.203  0.203  0.237  0.302  0.343
  -16.0  0.188  0.188  0.188  0.188  0.188  0.188  0.189  0.228  0.292  0.331
  -15.0  0.174  0.174  0.174  0.174  0.174  0.174  0.177  0.221  0.284  0.320
  -14.0  0.161  0.161  0.161  0.161  0.161  0.161  0.166  0.213  0.276  0.309
  -13.0  0.147  0.147  0.147  0.147  0.147  0.147  0.154  0.205  0.266  0.297
  -12.0  0.133  0.133  0.133  0.133  0.133  0.133  0.144  0.198  0.258  0.285
  -11.0  0.119  0.119  0.119  0.119  0.119  0.119  0.138  0.196  0.253  0.275
  -10.0  0.107  0.107  0.107  0.107  0.107  0.108  0.140  0.201  0.253  0.268
   -9.0  0.064  0.064  0.064  0.064  0.065  0.091  0.147  0.205  0.239  0.237
   -8.0  0.023  0.023  0.023  0.023  0.025  0.059  0.117  0.172  0.203  0.198
   -7.0  0.017  0.017  0.017  0.017  0.017  0.043  0.099  0.156  0.191  0.190
   -6.0  0.013  0.013  0.013  0.013  0.013  0.026  0.077  0.137  0.178  0.183
   -5.0  0.011  0.011  0.011  0.011  0.011  0.013  0.050  0.111  0.161  0.174
   -4.0  0.010  0.010  0.010  0.010  0.010  0.010  0.023  0.079  0.138  0.164
   -3.0  0.009  0.009  0.009  0.009  0.009  0.009  0.011  0.054  0.117  0.154
   -2.0  0.008  0.008  0.008  0.008  0.008  0.008  0.008  0.024  0.086  0.138
   -1.0  0.007  0.007  0.007  0.007  0.007  0.007  0.007  0.008  0.035  0.104
    0.0  0.007  0.007  0.007  0.007  0.007  0.007  0.007  0.007  0.032  0.101
    1.0  0.007  0.007  0.007  0.007  0.007  0.007  0.007  0.008  0.049  0.115
    2.0  0.007  0.007  0.007  0.007  0.007  0.007  0.007  0.012  0.067  0.127
    3.0  0.008  0.008  0.008  0.008  0.008  0.008  0.008  0.028  0.091  0.140
    4.0  0.008  0.008  0.008  0.008  0.008  0.008  0.010  0.051  0.115  0.152
    5.0  0.010  0.010  0.010  0.010  0.010  0.010  0.022  0.076  0.136  0.163
    6.0  0.013  0.013  0.013  0.013  0.013  0.013  0.040  0.100  0.154  0.172
    7.0  0.016  0.016  0.016  0.016  0.016  0.020  0.062  0.123  0.170  0.181
    8.0  0.018  0.018  0.018  0.018  0.018  0.028  0.076  0.137  0.180  0.186
    9.0  0.021  0.021  0.021  0.021  0.021  0.033  0.083  0.143  0.185  0.190
   10.0  0.025  0.025  0.025  0.025  0.025  0.041  0.094  0.153  0.193  0.195
   11.0  0.030  0.030  0.030  0.030  0.030  0.052  0.107  0.165  0.201  0.202
   12.0  0.036  0.036  0.036  0.036  0.037  0.064  0.120  0.177  0.211  0.209
   13.0  0.045  0.045  0.045  0.045  0.046  0.077  0.134  0.190  0.222  0.219
   14.0  0.058  0.058  0.058  0.058  0.060  0.092  0.150  0.205  0.237  0.233
   15.0  0.078  0.078  0.078  0.078  0.080  0.110  0.167  0.223  0.256  0.252
   16.0  0.134  0.134  0.134  0.134  0.134  0.152  0.205  0.264  0.303  0.305
   17.0  0.167  0.167  0.167  0.167  0.167  0.174  0.219  0.280  0.325  0.334
   18.0  0.209  0.209  0.209  0.209  0.209  0.210  0.233  0.293  0.348  0.368
   19.0  0.252  0.252  0.252  0.252  0.252  0.252  0.258  0.309  0.370  0.401
   20.0  0.286  0.286  0.286  0.286  0.286  0.286  0.288  0.330  0.394  0.431
   21.0  0.324  0.324  0.324  0.324  0.324  0.324  0.325  0.361  0.425  0.465
   22.0  0.366  0.366  0.366  0.366  0.366  0.366  0.366  0.397  0.462  0.505
   24.0  0.449  0.449  0.449  0.449  0.449  0.449  0.450  0.475  0.539  0.585
   30.0  0.675  0.675  0.675  0.675  0.675  0.675  0.675  0.701  0.765  0.811
   36.0  0.898  0.898  0.898  0.898  0.898  0.898  0.898  0.928  0.992  1.036
   42.0  1.119  1.119  1.119  1.119  1.119  1.119  1.120  1.153  1.217  1.259
   48.0  1.329  1.329  1.329  1.329  1.329  1.329  1.330  1.366  1.431  1.471
   54.0  1.519  1.519  1.519  1.519  1.519  1.519  1.521  1.561  1.625  1.663
   60.0  1.686  1.686  1.686  1.686  1.686  1.686  1.688  1.731  1.795  1.831
   66.0  1.826  1.826  1.826  1.826  1.826  1.826  1.829  1.874  1.937  1.972
   72.0  1.938  1.938  1.938  1.938  1.938  1.938  1.942  1.988  2.051  2.085
   78.0  2.019  2.019  2.019  2.019  2.019  2.019  2.023  2.071  2.133  2.166
   84.0  2.068  2.068  2.068  2.068  2.068  2.068  2.073  2.121  2.184  2.216
   90.0  2.085  2.085  2.085  2.085  2.085  2.085  2.090  2.138  2.201  2.233
   96.0  2.069  2.069  2.069  2.069  2.069  2.069  2.074  2.122  2.185  2.218
  102.0  2.021  2.021  2.021  2.021  2.021  2.021  2.026  2.073  2.136  2.169
  108.0  1.941  1.941  1.941  1.941  1.941  1.941  1.945  1.991  2.054  2.088
  114.0  1.831  1.831  1.831  1.831  1.831  1.831  1.834  1.878  1.942  1.977
  120.0  1.691  1.691  1.691  1.691  1.691  1.691  1.693  1.736  1.799  1.836
  126.0  1.524  1.524  1.524  1.524  1.524  1.524  1.526  1.566  1.630  1.668
  132.0  1.334  1.334  1.334  1.334  1.334  1.334  1.335  1.371  1.435  1.475
  138.0  1.124  1.124  1.124  1.124  1.124  1.124  1.124  1.157  1.222  1.264
  144.0  0.902  0.902  0.902  0.902  0.902  0.902  0.902  0.931  0.996  1.040
  150.0  0.678  0.678  0.678  0.678  0.678  0.678  0.678  0.704  0.768  0.814
  156.0  0.465  0.465  0.465  0.465  0.465  0.465  0.465  0.488  0.552  0.599
  162.0  0.278  0.278  0.278  0.278  0.278  0.278  0.278  0.298  0.361  0.411
  168.0  0.131  0.131  0.131  0.131  0.131  0.131  0.131  0.149  0.212  0.262
  174.0  0.037  0.037  0.037  0.037  0.037  0.037  0.037  0.054  0.117  0.168
  180.0  0.005  0.005  0.005  0.005  0.005  0.005  0.005  0.021  0.084  0.135
          0.00   0.10   0.20   0.30   0.40   0.50   0.60   0.70   0.80   0.90
 -180.0  0.000  0.000  0.000  0.000  0.000  0.000  0.000  0.000  0.000  0.000
 -174.0  0.063  0.063  0.064  0.065  0.068  0.071  0.076  0.053  0.049  0.058
 -168.0  0.124  0.124  0.126  0.129  0.134  0.140  0.150  0.102  0.098  0.115
 -162.0  0.183  0.183  0.186  0.190  0.196  0.205  0.218  0.146  0.148  0.172
 -156.0  0.238  0.239  0.242  0.247  0.254  0.265  0.280  0.187  0.198  0.227
 -150.0  0.289  0.290  0.293  0.298  0.306  0.318  0.334  0.230  0.248  0.279
 -144.0  0.335  0.336  0.339  0.344  0.352  0.363  0.379  0.274  0.297  0.329
 -138.0  0.375  0.376  0.379  0.384  0.391  0.402  0.416  0.320  0.344  0.374
 -132.0  0.410  0.411  0.413  0.417  0.424  0.433  0.445  0.363  0.387  0.415
 -126.0  0.440  0.440  0.442  0.446  0.451  0.458  0.468  0.404  0.427  0.452
 -120.0  0.464  0.464  0.466  0.468  0.472  0.478  0.484  0.441  0.462  0.483
 -114.0  0.483  0.484  0.485  0.486  0.489  0.493  0.497  0.473  0.492  0.508
 -108.0  0.499  0.499  0.499  0.500  0.502  0.504  0.506  0.498  0.516  0.529
 -102.0  0.510  0.510  0.510  0.511  0.511  0.512  0.513  0.517  0.534  0.544
  -96.0  0.517  0.517  0.517  0.517  0.518  0.518  0.519  0.530  0.545  0.554
  -90.0  0.521  0.521  0.521  0.521  0.521  0.521  0.523  0.535  0.550  0.558
  -84.0  0.522  0.522  0.522  0.522  0.522  0.523  0.524  0.532  0.548  0.558
  -78.0  0.518  0.518  0.519  0.519  0.520  0.522  0.523  0.523  0.540  0.551
  -72.0  0.511  0.511  0.512  0.513  0.515  0.518  0.521  0.506  0.525  0.539
  -66.0  0.499  0.499  0.501  0.503  0.506  0.511  0.515  0.483  0.503  0.522
  -60.0  0.482  0.482  0.484  0.487  0.492  0.498  0.506  0.453  0.475  0.498
  -54.0  0.459  0.460  0.462  0.466  0.472  0.481  0.492  0.417  0.442  0.469
  -48.0  0.431  0.432  0.434  0.439  0.446  0.457  0.471  0.377  0.403  0.433
  -42.0  0.396  0.397  0.400  0.405  0.413  0.425  0.441  0.333  0.359  0.392
  -36.0  0.354  0.355  0.359  0.365  0.373  0.386  0.403  0.288  0.311  0.346
  -30.0  0.306  0.307  0.311  0.316  0.325  0.338  0.355  0.242  0.261  0.295
  -24.0  0.236  0.237  0.240  0.245  0.253  0.264  0.279  0.185  0.205  0.242
  -22.0  0.184  0.185  0.187  0.191  0.197  0.206  0.219  0.145  0.188  0.223
  -21.0  0.146  0.147  0.149  0.152  0.157  0.165  0.175  0.117  0.179  0.211
  -20.0  0.106  0.106  0.108  0.110  0.114  0.119  0.126  0.098  0.167  0.197
  -19.0  0.068  0.069  0.070  0.071  0.074  0.077  0.082  0.091  0.153  0.181
  -18.0  0.039  0.039  0.040  0.041  0.042  0.044  0.047  0.084  0.138  0.163
  -17.0  0.019  0.019  0.019  0.019  0.020  0.021  0.023  0.078  0.123  0.145
  -16.0  0.005  0.005  0.005  0.005  0.005  0.005  0.013  0.073  0.108  0.128
  -15.0 -0.005 -0.005 -0.005 -0.005 -0.006 -0.006  0.012  0.067  0.095  0.112
  -14.0 -0.013 -0.013 -0.013 -0.013 -0.014 -0.014  0.011  0.060  0.081  0.096
  -13.0 -0.018 -0.019 -0.019 -0.019 -0.020 -0.021  0.009  0.052  0.069  0.083
  -12.0 -0.023 -0.023 -0.024 -0.024 -0.025 -0.025  0.007  0.046  0.059  0.071
  -11.0 -0.027 -0.028 -0.028 -0.029 -0.030 -0.027  0.006  0.041  0.050  0.061
  -10.0 -0.026 -0.026 -0.026 -0.027 -0.027 -0.017  0.023  0.046  0.054  0.064
   -9.0 -0.040 -0.040 -0.040 -0.041 -0.031  0.018  0.048  0.055  0.063  0.076
   -8.0 -0.055 -0.055 -0.056 -0.057 -0.036  0.011  0.029  0.034  0.040  0.050
   -7.0 -0.058 -0.058 -0.059 -0.060 -0.053 -0.015  0.008  0.012  0.015  0.022
   -6.0 -0.059 -0.060 -0.061 -0.062 -0.062 -0.038 -0.013 -0.010 -0.010 -0.006
   -5.0 -0.066 -0.066 -0.067 -0.069 -0.071 -0.066 -0.048 -0.043 -0.046 -0.047
   -4.0 -0.075 -0.075 -0.077 -0.078 -0.081 -0.085 -0.083 -0.081 -0.088 -0.096
   -3.0 -0.074 -0.075 -0.076 -0.078 -0.081 -0.085 -0.091 -0.098 -0.108 -0.119
   -2.0 -0.074 -0.074 -0.075 -0.077 -0.080 -0.084 -0.091 -0.107 -0.126 -0.142
   -1.0 -0.073 -0.073 -0.074 -0.076 -0.079 -0.083 -0.089 -0.100 -0.130 -0.163
    0.0 -0.085 -0.085 -0.087 -0.089 -0.092 -0.097 -0.104 -0.117 -0.164 -0.217
    1.0 -0.108 -0.109 -0.110 -0.113 -0.117 -0.123 -0.132 -0.160 -0.238 -0.301
    2.0 -0.108 -0.108 -0.110 -0.113 -0.117 -0.123 -0.134 -0.187 -0.272 -0.327
    3.0 -0.106 -0.107 -0.108 -0.111 -0.115 -0.122 -0.138 -0.215 -0.301 -0.348
    4.0 -0.104 -0.104 -0.106 -0.109 -0.113 -0.120 -0.160 -0.258 -0.320 -0.367
    5.0 -0.099 -0.100 -0.101 -0.104 -0.108 -0.119 -0.199 -0.287 -0.331 -0.378
    6.0 -0.092 -0.092 -0.094 -0.096 -0.100 -0.124 -0.220 -0.296 -0.334 -0.382
    7.0 -0.085 -0.085 -0.087 -0.089 -0.095 -0.157 -0.254 -0.302 -0.338 -0.387
    8.0 -0.077 -0.077 -0.079 -0.081 -0.089 -0.173 -0.264 -0.303 -0.339 -0.389
    9.0 -0.066 -0.067 -0.068 -0.069 -0.079 -0.168 -0.261 -0.297 -0.333 -0.382
   10.0 -0.051 -0.051 -0.052 -0.053 -0.066 -0.157 -0.249 -0.281 -0.314 -0.362
   11.0 -0.039 -0.039 -0.040 -0.041 -0.060 -0.159 -0.241 -0.269 -0.301 -0.347
   12.0 -0.031 -0.031 -0.031 -0.032 -0.060 -0.169 -0.236 -0.263 -0.294 -0.339
   13.0 -0.023 -0.023 -0.023 -0.024 -0.061 -0.171 -0.228 -0.253 -0.283 -0.327
   14.0 -0.018 -0.018 -0.018 -0.018 -0.055 -0.161 -0.214 -0.238 -0.266 -0.307
   15.0 -0.019 -0.019 -0.019 -0.020 -0.044 -0.145 -0.199 -0.221 -0.248 -0.286
   16.0 -0.044 -0.044 -0.045 -0.046 -0.048 -0.117 -0.192 -0.218 -0.244 -0.279
   17.0 -0.071 -0.072 -0.073 -0.075 -0.077 -0.111 -0.194 -0.231 -0.259 -0.295
   18.0 -0.099 -0.100 -0.101 -0.104 -0.107 -0.113 -0.156 -0.231 -0.263 -0.300
   19.0 -0.129 -0.130 -0.132 -0.135 -0.140 -0.147 -0.148 -0.216 -0.260 -0.298
   20.0 -0.161 -0.161 -0.163 -0.167 -0.173 -0.182 -0.191 -0.196 -0.252 -0.290
   21.0 -0.189 -0.190 -0.193 -0.197 -0.204 -0.214 -0.226 -0.172 -0.239 -0.276
   22.0 -0.213 -0.214 -0.217 -0.222 -0.229 -0.240 -0.254 -0.171 -0.227 -0.264
   24.0 -0.247 -0.248 -0.251 -0.256 -0.264 -0.275 -0.291 -0.193 -0.217 -0.255
   30.0 -0.307 -0.308 -0.311 -0.317 -0.325 -0.338 -0.355 -0.242 -0.261 -0.295
   36.0 -0.354 -0.355 -0.359 -0.365 -0.373 -0.386 -0.403 -0.288 -0.311 -0.346
   42.0 -0.396 -0.397 -0.400 -0.405 -0.413 -0.425 -0.441 -0.333 -0.359 -0.392
   48.0 -0.431 -0.432 -0.434 -0.439 -0.446 -0.457 -0.471 -0.377 -0.403 -0.433
   54.0 -0.459 -0.460 -0.462 -0.466 -0.472 -0.481 -0.492 -0.417 -0.442 -0.469
   60.0 -0.482 -0.482 -0.484 -0.487 -0.492 -0.498 -0.506 -0.453 -0.475 -0.498
   66.0 -0.499 -0.499 -0.501 -0.503 -0.506 -0.511 -0.515 -0.483 -0.503 -0.522
   72.0 -0.511 -0.511 -0.512 -0.513 -0.515 -0.518 -0.521 -0.506 -0.525 -0.539
   78.0 -0.518 -0.518 -0.519 -0.519 -0.520 -0.522 -0.523 -0.523 -0.540 -0.551
   84.0 -0.522 -0.522 -0.522 -0.522 -0.522 -0.523 -0.524 -0.532 -0.548 -0.558
   90.0 -0.521 -0.521 -0.521 -0.521 -0.521 -0.521 -0.523 -0.535 -0.550 -0.558
   96.0 -0.517 -0.517 -0.517 -0.517 -0.518 -0.518 -0.519 -0.530 -0.545 -0.554
  102.0 -0.510 -0.510 -0.510 -0.511 -0.511 -0.512 -0.513 -0.517 -0.534 -0.544
  108.0 -0.499 -0.499 -0.499 -0.500 -0.502 -0.504 -0.506 -0.498 -0.516 -0.529
  114.0 -0.483 -0.484 -0.485 -0.486 -0.489 -0.493 -0.497 -0.473 -0.492 -0.508
  120.0 -0.464 -0.464 -0.466 -0.468 -0.472 -0.478 -0.484 -0.441 -0.462 -0.483
  126.0 -0.440 -0.440 -0.442 -0.446 -0.451 -0.458 -0.468 -0.404 -0.427 -0.452
  132.0 -0.410 -0.411 -0.413 -0.417 -0.424 -0.433 -0.445 -0.363 -0.387 -0.415
  138.0 -0.375 -0.376 -0.379 -0.384 -0.391 -0.402 -0.416 -0.320 -0.344 -0.374
  144.0 -0.335 -0.336 -0.339 -0.344 -0.352 -0.363 -0.379 -0.274 -0.297 -0.329
  150.0 -0.289 -0.290 -0.293 -0.298 -0.306 -0.318 -0.334 -0.230 -0.248 -0.279
  156.0 -0.238 -0.239 -0.242 -0.247 -0.254 -0.265 -0.280 -0.187 -0.198 -0.227
  162.0 -0.183 -0.183 -0.186 -0.190 -0.196 -0.205 -0.218 -0.146 -0.148 -0.172
  168.0 -0.124 -0.124 -0.126 -0.129 -0.134 -0.140 -0.150 -0.102 -0.098 -0.115
  174.0 -0.063 -0.063 -0.064 -0.065 -0.068 -0.071 -0.076 -0.053 -0.049 -0.058
  180.0  0.000  0.000  0.000  0.000  0.000  0.000  0.000  0.000  0.000  0.000
