          0.00   0.10   0.20   0.30   0.40   0.50   0.60   0.70   0.80   0.90
 -180.0  0.000  0.000  0.000  0.000  0.000  0.000  0.000  0.000  0.000  0.000
 -174.0  0.248  0.249  0.252  0.259  0.269  0.283  0.302  0.207  0.184  0.215
 -168.0  0.478  0.481  0.488  0.500  0.519  0.546  0.584  0.384  0.356  0.416
 -162.0  0.678  0.681  0.691  0.708  0.735  0.773  0.827  0.516  0.504  0.590
 -156.0  0.834  0.838  0.851  0.872  0.905  0.952  1.018  0.603  0.621  0.726
 -150.0  0.942  0.947  0.961  0.985  1.022  1.076  1.149  0.656  0.701  0.820
 -144.0  0.999  1.004  1.019  1.045  1.084  1.141  1.218  0.680  0.743  0.870
 -138.0  1.007  1.012  1.027  1.053  1.093  1.150  1.227  0.678  0.749  0.876
 -132.0  0.970  0.975  0.989  1.014  1.053  1.107  1.179  0.649  0.722  0.844
 -126.0  0.893  0.898  0.911  0.934  0.969  1.020  1.081  0.596  0.664  0.777
 -120.0  0.783  0.786  0.798  0.818  0.849  0.893  0.941  0.522  0.582  0.681
 -114.0  0.643  0.646  0.656  0.673  0.698  0.734  0.766  0.429  0.478  0.560
 -108.0  0.481  0.483  0.490  0.503  0.521  0.549  0.565  0.320  0.358  0.418
 -102.0  0.300  0.302  0.306  0.314  0.326  0.343  0.349  0.200  0.223  0.261
  -96.0  0.108  0.109  0.110  0.113  0.117  0.123  0.124  0.072  0.080  0.094
  -90.0 -0.090 -0.090 -0.091 -0.094 -0.097 -0.102 -0.103 -0.060 -0.067 -0.078
  -84.0 -0.286 -0.288 -0.292 -0.299 -0.311 -0.327 -0.329 -0.191 -0.213 -0.249
  -78.0 -0.475 -0.477 -0.484 -0.497 -0.515 -0.542 -0.551 -0.316 -0.353 -0.413
  -72.0 -0.650 -0.653 -0.663 -0.680 -0.705 -0.742 -0.764 -0.433 -0.483 -0.566
  -66.0 -0.805 -0.809 -0.821 -0.842 -0.873 -0.919 -0.958 -0.536 -0.599 -0.701
  -60.0 -0.935 -0.939 -0.953 -0.978 -1.014 -1.067 -1.124 -0.623 -0.695 -0.814
  -54.0 -1.035 -1.040 -1.055 -1.082 -1.123 -1.181 -1.253 -0.691 -0.770 -0.900
  -48.0 -1.099 -1.104 -1.121 -1.149 -1.192 -1.255 -1.336 -0.735 -0.817 -0.956
  -42.0 -1.122 -1.128 -1.144 -1.173 -1.218 -1.281 -1.367 -0.755 -0.835 -0.977
  -36.0 -1.100 -1.105 -1.121 -1.150 -1.193 -1.255 -1.341 -0.749 -0.818 -0.957
  -30.0 -1.027 -1.032 -1.047 -1.074 -1.114 -1.172 -1.253 -0.715 -0.764 -0.894
  -24.0 -0.890 -0.894 -0.908 -0.931 -0.966 -1.016 -1.086 -0.638 -0.662 -0.775
  -22.0 -0.806 -0.809 -0.821 -0.842 -0.874 -0.920 -0.983 -0.578 -0.599 -0.701
  -21.0 -0.746 -0.749 -0.760 -0.780 -0.809 -0.851 -0.910 -0.535 -0.555 -0.649
  -20.0 -0.675 -0.678 -0.688 -0.705 -0.732 -0.770 -0.823 -0.485 -0.502 -0.587
  -19.0 -0.599 -0.602 -0.611 -0.626 -0.650 -0.684 -0.731 -0.432 -0.445 -0.521
  -18.0 -0.526 -0.529 -0.537 -0.550 -0.571 -0.601 -0.642 -0.381 -0.392 -0.458
  -17.0 -0.461 -0.464 -0.470 -0.482 -0.501 -0.527 -0.563 -0.332 -0.343 -0.402
  -16.0 -0.404 -0.406 -0.412 -0.422 -0.438 -0.461 -0.493 -0.284 -0.300 -0.351
  -15.0 -0.351 -0.353 -0.358 -0.367 -0.381 -0.401 -0.429 -0.242 -0.261 -0.306
  -14.0 -0.303 -0.305 -0.309 -0.317 -0.329 -0.346 -0.370 -0.204 -0.226 -0.264
  -13.0 -0.265 -0.266 -0.270 -0.277 -0.287 -0.302 -0.317 -0.176 -0.197 -0.230
  -12.0 -0.247 -0.249 -0.252 -0.259 -0.268 -0.282 -0.210 -0.165 -0.184 -0.215
  -11.0 -0.256 -0.257 -0.261 -0.268 -0.278 -0.292 -0.159 -0.170 -0.190 -0.223
  -10.0 -0.301 -0.302 -0.307 -0.315 -0.327 -0.331 -0.184 -0.200 -0.224 -0.262
   -9.0 -0.343 -0.345 -0.350 -0.359 -0.372 -0.302 -0.209 -0.228 -0.255 -0.298
   -8.0 -0.291 -0.292 -0.296 -0.304 -0.315 -0.254 -0.177 -0.194 -0.216 -0.253
   -7.0 -0.188 -0.189 -0.192 -0.196 -0.204 -0.199 -0.115 -0.125 -0.140 -0.164
   -6.0 -0.078 -0.078 -0.079 -0.081 -0.084 -0.088 -0.048 -0.052 -0.058 -0.068
   -5.0  0.021  0.022  0.022  0.022  0.023  0.025  0.015  0.014  0.016  0.019
   -4.0  0.083  0.083  0.084  0.086  0.090  0.094  0.094  0.055  0.061  0.072
   -3.0  0.133  0.133  0.135  0.139  0.144  0.152  0.162  0.090  0.099  0.116
   -2.0  0.213  0.214  0.217  0.223  0.231  0.243  0.260  0.270  0.159  0.186
   -1.0  0.304  0.305  0.310  0.318  0.330  0.347  0.371  0.402  0.228  0.265
    0.0  0.460  0.462  0.469  0.481  0.499  0.525  0.561  0.595  0.342  0.400
    1.0  0.663  0.666  0.676  0.693  0.720  0.757  0.809  0.692  0.493  0.577
    2.0  0.852  0.856  0.869  0.891  0.924  0.972  1.040  0.617  0.634  0.741
    3.0  1.000  1.005  1.020  1.046  1.085  1.142  1.217  0.671  0.744  0.870
    4.0  1.115  1.120  1.137  1.166  1.210  1.273  1.332  0.743  0.829  0.970
    5.0  1.212  1.218  1.236  1.267  1.315  1.384  1.337  0.807  0.902  1.055
    6.0  1.288  1.295  1.314  1.347  1.398  1.470  0.867  0.858  0.958  1.121
    7.0  1.334  1.341  1.361  1.395  1.448  1.518  0.820  0.888  0.993  1.161
    8.0  1.361  1.368  1.388  1.423  1.477  1.505  0.831  0.906  1.012  1.185
    9.0  1.374  1.381  1.401  1.437  1.491  1.293  0.839  0.915  1.022  1.196
   10.0  1.378  1.384  1.405  1.441  1.495  0.959  0.841  0.917  1.025  1.199
   11.0  1.384  1.390  1.411  1.447  1.501  0.827  0.845  0.921  1.029  1.204
   12.0  1.400  1.407  1.428  1.464  1.516  0.807  0.855  0.932  1.042  1.219
   13.0  1.421  1.428  1.449  1.486  1.530  0.814  0.868  0.946  1.057  1.237
   14.0  1.441  1.448  1.470  1.507  1.533  0.824  0.880  0.959  1.072  1.254
   15.0  1.456  1.463  1.485  1.522  1.521  0.832  0.889  0.969  1.083  1.267
   16.0  1.459  1.466  1.488  1.526  1.503  0.833  0.891  0.971  1.085  1.270
   17.0  1.431  1.438  1.459  1.496  1.491  0.817  0.873  0.952  1.064  1.245
   18.0  1.342  1.348  1.368  1.403  1.441  0.768  0.819  0.893  0.998  1.168
   19.0  1.194  1.200  1.217  1.248  1.295  0.711  0.729  0.795  0.888  1.039
   20.0  1.036  1.041  1.056  1.083  1.124  1.075  0.633  0.690  0.771  0.902
   21.0  0.934  0.938  0.952  0.976  1.013  1.065  0.590  0.622  0.695  0.813
   22.0  0.900  0.904  0.918  0.941  0.977  1.027  0.957  0.599  0.669  0.783
   24.0  0.913  0.918  0.931  0.955  0.991  1.043  1.114  0.622  0.679  0.795
   30.0  1.027  1.032  1.047  1.074  1.114  1.172  1.253  0.715  0.764  0.894
   36.0  1.100  1.105  1.121  1.150  1.193  1.255  1.341  0.749  0.818  0.957
   42.0  1.122  1.128  1.144  1.173  1.218  1.281  1.367  0.755  0.835  0.977
   48.0  1.099  1.104  1.121  1.149  1.192  1.255  1.336  0.735  0.817  0.956
   54.0  1.035  1.040  1.055  1.082  1.123  1.181  1.253  0.691  0.770  0.900
   60.0  0.935  0.939  0.953  0.978  1.014  1.067  1.124  0.623  0.695  0.814
   66.0  0.805  0.809  0.821  0.842  0.873  0.919  0.958  0.536  0.599  0.701
   72.0  0.650  0.653  0.663  0.680  0.705  0.742  0.764  0.433  0.483  0.566
   78.0  0.475  0.477  0.484  0.497  0.515  0.542  0.551  0.316  0.353  0.413
   84.0  0.286  0.288  0.292  0.299  0.311  0.327  0.329  0.191  0.213  0.249
   90.0  0.090  0.090  0.091  0.094  0.097  0.102  0.103  0.060  0.067  0.078
   96.0 -0.108 -0.109 -0.110 -0.113 -0.117 -0.123 -0.124 -0.072 -0.080 -0.094
  102.0 -0.300 -0.302 -0.306 -0.314 -0.326 -0.343 -0.349 -0.200 -0.223 -0.261
  108.0 -0.481 -0.483 -0.490 -0.503 -0.521 -0.549 -0.565 -0.320 -0.358 -0.418
  114.0 -0.643 -0.646 -0.656 -0.673 -0.698 -0.734 -0.766 -0.429 -0.478 -0.560
  120.0 -0.783 -0.786 -0.798 -0.818 -0.849 -0.893 -0.941 -0.522 -0.582 -0.681
  126.0 -0.893 -0.898 -0.911 -0.934 -0.969 -1.020 -1.081 -0.596 -0.664 -0.777
  132.0 -0.970 -0.975 -0.989 -1.014 -1.053 -1.107 -1.179 -0.649 -0.722 -0.844
  138.0 -1.007 -1.012 -1.027 -1.053 -1.093 -1.150 -1.227 -0.678 -0.749 -0.876
  144.0 -0.999 -1.004 -1.019 -1.045 -1.084 -1.141 -1.218 -0.680 -0.743 -0.870
  150.0 -0.942 -0.947 -0.961 -0.985 -1.022 -1.076 -1.149 -0.656 -0.701 -0.820
  156.0 -0.834 -0.838 -0.851 -0.872 -0.905 -0.952 -1.018 -0.603 -0.621 -0.726
  162.0 -0.678 -0.681 -0.691 -0.708 -0.735 -0.773 -0.827 -0.516 -0.504 -0.590
  168.0 -0.478 -0.481 -0.488 -0.500 -0.519 -0.546 -0.584 -0.384 -0.356 -0.416
  174.0 -0.248 -0.249 -0.252 -0.259 -0.269 -0.283 -0.302 -0.207 -0.184 -0.215
  180.0  0.000  0.000  0.000  0.000  0.000  0.000  0.000  0.000  0.000  0.000
          0.00   0.10   0.20   0.30   0.40   0.50   0.60   0.70   0.80   0.90
 -180.0  0.005  0.005  0.005  0.005  0.005  0.005  0.005  0.012  0.018  0.016
 -174.0  0.037  0.037  0.037  0.037  0.037  0.037  0.037  0.044  0.050  0.048
 -168.0  0.131  0.131  0.131  0.131  0.131  0.131  0.131  0.138  0.144  0.142
 -162.0  0.278  0.278  0.278  0.278  0.278  0.278  0.278  0.285  0.291  0.289
 -156.0  0.465  0.465  0.465  0.465  0.465  0.465  0.465  0.473  0.478  0.476
 -150.0  0.678  0.678  0.678  0.678  0.678  0.678  0.678  0.686  0.691  0.689
 -144.0  0.902  0.902  0.902  0.902  0.902  0.902  0.902  0.911  0.915  0.913
 -138.0  1.124  1.124  1.124  1.124  1.124  1.124  1.124  1.133  1.137  1.135
 -132.0  1.334  1.334  1.334  1.334  1.334  1.334  1.335  1.344  1.348  1.345
 -126.0  1.524  1.524  1.524  1.524  1.524  1.524  1.526  1.535  1.538  1.535
 -120.0  1.691  1.691  1.691  1.691  1.691  1.691  1.693  1.702  1.705  1.702
 -114.0  1.831  1.831  1.831  1.831  1.831  1.831  1.833  1.842  1.845  1.842
 -108.0  1.941  1.941  1.941  1.941  1.941  1.941  1.944  1.953  1.956  1.952
 -102.0  2.021  2.021  2.021  2.021  2.021  2.021  2.025  2.033  2.036  2.032
  -96.0  2.069  2.069  2.069  2.069  2.069  2.069  2.073  2.081  2.084  2.080
  -90.0  2.085  2.085  2.085  2.085  2.085  2.085  2.089  2.097  2.100  2.096
  -84.0  2.068  2.068  2.068  2.068  2.068  2.068  2.072  2.080  2.083  2.079
  -78.0  2.019  2.019  2.019  2.019  2.019  2.019  2.022  2.030  2.033  2.029
  -72.0  1.938  1.938  1.938  1.938  1.938  1.938  1.941  1.949  1.952  1.948
  -66.0  1.826  1.826  1.826  1.826  1.826  1.826  1.829  1.838  1.841  1.837
  -60.0  1.686  1.686  1.686  1.686  1.686  1.686  1.688  1.697  1.701  1.697
  -54.0  1.519  1.519  1.519  1.519  1.519  1.519  1.521  1.530  1.534  1.530
  -48.0  1.329  1.329  1.329  1.329  1.329  1.329  1.330  1.339  1.343  1.340
  -42.0  1.119  1.119  1.119  1.119  1.119  1.119  1.120  1.129  1.133  1.130
  -36.0  0.898  0.898  0.898  0.898  0.898  0.898  0.898  0.907  0.912  0.909
  -30.0  0.674  0.674  0.674  0.674  0.674  0.674  0.675  0.683  0.688  0.685
  -24.0  0.446  0.446  0.446  0.446  0.446  0.446  0.446  0.454  0.459  0.457
  -22.0  0.358  0.358  0.358  0.358  0.358  0.358  0.358  0.366  0.371  0.369
  -21.0  0.313  0.313  0.313  0.313  0.313  0.313  0.313  0.321  0.326  0.324
  -20.0  0.273  0.273  0.273  0.273  0.273  0.273  0.273  0.280  0.286  0.284
  -19.0  0.240  0.240  0.240  0.240  0.240  0.240  0.240  0.248  0.253  0.251
  -18.0  0.216  0.216  0.216  0.216  0.216  0.216  0.216  0.223  0.229  0.227
  -17.0  0.197  0.197  0.197  0.197  0.197  0.197  0.197  0.205  0.210  0.208
  -16.0  0.181  0.181  0.181  0.181  0.181  0.181  0.181  0.189  0.194  0.192
  -15.0  0.163  0.163  0.163  0.163  0.163  0.163  0.163  0.171  0.176  0.174
  -14.0  0.142  0.142  0.142  0.142  0.142  0.142  0.142  0.151  0.156  0.153
  -13.0  0.116  0.116  0.116  0.116  0.116  0.116  0.119  0.128  0.131  0.127
  -12.0  0.089  0.089  0.089  0.089  0.089  0.089  0.095  0.103  0.104  0.100
  -11.0  0.065  0.065  0.065  0.065  0.065  0.065  0.074  0.080  0.081  0.076
  -10.0  0.042  0.042  0.042  0.042  0.042  0.045  0.054  0.059  0.058  0.053
   -9.0  0.025  0.025  0.025  0.025  0.025  0.030  0.038  0.042  0.041  0.035
   -8.0  0.016  0.016  0.016  0.016  0.016  0.022  0.030  0.034  0.032  0.026
   -7.0  0.012  0.012  0.012  0.012  0.012  0.016  0.025  0.029  0.028  0.022
   -6.0  0.010  0.010  0.010  0.010  0.010  0.011  0.021  0.026  0.026  0.021
   -5.0  0.009  0.009  0.009  0.009  0.009  0.009  0.016  0.023  0.024  0.020
   -4.0  0.009  0.009  0.009  0.009  0.009  0.009  0.012  0.021  0.023  0.019
   -3.0  0.008  0.008  0.008  0.008  0.008  0.008  0.009  0.017  0.022  0.019
   -2.0  0.008  0.008  0.008  0.008  0.008  0.008  0.008  0.012  0.019  0.019
   -1.0  0.008  0.008  0.008  0.008  0.008  0.008  0.008  0.009  0.018  0.019
    0.0  0.008  0.008  0.008  0.008  0.008  0.008  0.008  0.011  0.019  0.019
    1.0  0.009  0.009  0.009  0.009  0.009  0.009  0.009  0.014  0.021  0.020
    2.0  0.009  0.009  0.009  0.009  0.009  0.009  0.009  0.017  0.022  0.020
    3.0  0.009  0.009  0.009  0.009  0.009  0.009  0.010  0.019  0.023  0.020
    4.0  0.010  0.010  0.010  0.010  0.010  0.010  0.012  0.021  0.024  0.021
    5.0  0.011  0.011  0.011  0.011  0.011  0.011  0.015  0.023  0.026  0.022
    6.0  0.013  0.013  0.013  0.013  0.013  0.013  0.020  0.027  0.028  0.023
    7.0  0.015  0.015  0.015  0.015  0.015  0.015  0.025  0.030  0.030  0.025
    8.0  0.017  0.017  0.017  0.017  0.017  0.020  0.029  0.034  0.033  0.027
    9.0  0.020  0.020  0.020  0.020  0.020  0.025  0.034  0.038  0.036  0.030
   10.0  0.024  0.024  0.024  0.024  0.024  0.031  0.039  0.042  0.040  0.034
   11.0  0.029  0.029  0.029  0.029  0.029  0.038  0.045  0.048  0.045  0.039
   12.0  0.036  0.036  0.036  0.036  0.036  0.046  0.053  0.055  0.052  0.046
   13.0  0.043  0.043  0.043  0.043  0.045  0.054  0.061  0.063  0.059  0.053
   14.0  0.051  0.051  0.051  0.051  0.053  0.063  0.069  0.070  0.067  0.061
   15.0  0.059  0.059  0.059  0.059  0.062  0.071  0.077  0.078  0.075  0.068
   16.0  0.067  0.067  0.067  0.067  0.070  0.079  0.085  0.087  0.083  0.076
   17.0  0.079  0.079  0.079  0.079  0.082  0.092  0.098  0.099  0.095  0.089
   18.0  0.104  0.104  0.104  0.104  0.106  0.115  0.122  0.123  0.120  0.114
   19.0  0.153  0.153  0.153  0.153  0.153  0.161  0.169  0.172  0.169  0.163
   20.0  0.231  0.231  0.231  0.231  0.231  0.235  0.243  0.248  0.247  0.241
   21.0  0.312  0.312  0.312  0.312  0.312  0.313  0.321  0.327  0.328  0.323
   22.0  0.372  0.372  0.372  0.372  0.372  0.372  0.377  0.385  0.387  0.383
   24.0  0.454  0.454  0.454  0.454  0.454  0.454  0.455  0.463  0.468  0.465
   30.0  0.675  0.675  0.675  0.675  0.675  0.675  0.675  0.683  0.688  0.686
   36.0  0.898  0.898  0.898  0.898  0.898  0.898  0.898  0.907  0.912  0.909
   42.0  1.119  1.119  1.119  1.119  1.119  1.119  1.120  1.129  1.133  1.130
   48.0  1.329  1.329  1.329  1.329  1.329  1.329  1.330  1.339  1.343  1.340
   54.0  1.519  1.519  1.519  1.519  1.519  1.519  1.521  1.530  1.534  1.530
   60.0  1.686  1.686  1.686  1.686  1.686  1.686  1.688  1.697  1.701  1.697
   66.0  1.826  1.826  1.826  1.826  1.826  1.826  1.829  1.838  1.841  1.837
   72.0  1.938  1.938  1.938  1.938  1.938  1.938  1.941  1.949  1.952  1.948
   78.0  2.019  2.019  2.019  2.019  2.019  2.019  2.022  2.030  2.033  2.029
   84.0  2.068  2.068  2.068  2.068  2.068  2.068  2.072  2.080  2.083  2.079
   90.0  2.085  2.085  2.085  2.085  2.085  2.085  2.089  2.097  2.100  2.096
   96.0  2.069  2.069  2.069  2.069  2.069  2.069  2.073  2.081  2.084  2.080
  102.0  2.021  2.021  2.021  2.021  2.021  2.021  2.025  2.033  2.036  2.032
  108.0  1.941  1.941  1.941  1.941  1.941  1.941  1.944  1.953  1.956  1.952
  114.0  1.831  1.831  1.831  1.831  1.831  1.831  1.833  1.842  1.845  1.842
  120.0  1.691  1.691  1.691  1.691  1.691  1.691  1.693  1.702  1.705  1.702
  126.0  1.524  1.524  1.524  1.524  1.524  1.524  1.526  1.535  1.538  1.535
  132.0  1.334  1.334  1.334  1.334  1.334  1.334  1.335  1.344  1.348  1.345
  138.0  1.124  1.124  1.124  1.124  1.124  1.124  1.124  1.133  1.137  1.135
  144.0  0.902  0.902  0.902  0.902  0.902  0.902  0.902  0.911  0.915  0.913
  150.0  0.678  0.678  0.678  0.678  0.678  0.678  0.678  0.686  0.691  0.689
  156.0  0.465  0.465  0.465  0.465  0.465  0.465  0.465  0.473  0.478  0.476
  162.0  0.278  0.278  0.278  0.278  0.278  0.278  0.278  0.285  0.291  0.289
  168.0  0.131  0.131  0.131  0.131  0.131  0.131  0.131  0.138  0.144  0.142
  174.0  0.037  0.037  0.037  0.037  0.037  0.037  0.037  0.044  0.050  0.048
  180.0  0.005  0.005  0.005  0.005  0.005  0.005  0.005  0.012  0.018  0.016
          0.00   0.10   0.20   0.30   0.40   0.50   0.60   0.70   0.80   0.90
 -180.0  0.000  0.000  0.000  0.000  0.000  0.000  0.000  0.000  0.000  0.000
 -174.0  0.063  0.063  0.064  0.065  0.068  0.071  0.076  0.053  0.047  0.055
 -168.0  0.124  0.124  0.126  0.129  0.134  0.140  0.150  0.101  0.094  0.109
 -162.0  0.183  0.183  0.186  0.190  0.196  0.205  0.218  0.145  0.142  0.163
 -156.0  0.238  0.239  0.242  0.247  0.254  0.265  0.280  0.186  0.190  0.214
 -150.0  0.289  0.290  0.293  0.298  0.306  0.318  0.334  0.228  0.238  0.264
 -144.0  0.335  0.336  0.339  0.344  0.352  0.363  0.379  0.271  0.285  0.310
 -138.0  0.375  0.376  0.379  0.384  0.391  0.402  0.416  0.315  0.329  0.353
 -132.0  0.410  0.411  0.413  0.417  0.424  0.433  0.445  0.358  0.371  0.391
 -126.0  0.440  0.440  0.442  0.446  0.451  0.458  0.468  0.398  0.409  0.425
 -120.0  0.464  0.464  0.466  0.468  0.472  0.478  0.484  0.434  0.442  0.454
 -114.0  0.483  0.484  0.485  0.486  0.489  0.493  0.497  0.464  0.470  0.477
 -108.0  0.499  0.499  0.499  0.500  0.502  0.504  0.506  0.489  0.493  0.496
 -102.0  0.510  0.510  0.510  0.511  0.511  0.512  0.513  0.508  0.509  0.510
  -96.0  0.517  0.517  0.517  0.517  0.518  0.518  0.519  0.519  0.520  0.520
  -90.0  0.521  0.521  0.521  0.521  0.521  0.521  0.522  0.524  0.525  0.524
  -84.0  0.522  0.522  0.522  0.522  0.522  0.523  0.524  0.522  0.523  0.523
  -78.0  0.518  0.518  0.519  0.519  0.520  0.522  0.523  0.513  0.516  0.518
  -72.0  0.511  0.511  0.512  0.513  0.515  0.518  0.520  0.497  0.501  0.507
  -66.0  0.499  0.499  0.501  0.503  0.506  0.511  0.515  0.474  0.481  0.491
  -60.0  0.482  0.482  0.484  0.487  0.492  0.498  0.506  0.445  0.455  0.469
  -54.0  0.459  0.460  0.462  0.466  0.472  0.481  0.492  0.411  0.423  0.442
  -48.0  0.431  0.432  0.434  0.439  0.446  0.457  0.471  0.372  0.386  0.409
  -42.0  0.396  0.397  0.400  0.405  0.413  0.425  0.441  0.329  0.345  0.371
  -36.0  0.354  0.355  0.359  0.365  0.373  0.386  0.403  0.285  0.299  0.327
  -30.0  0.306  0.307  0.311  0.316  0.325  0.338  0.355  0.240  0.251  0.279
  -24.0  0.235  0.235  0.238  0.243  0.251  0.262  0.277  0.182  0.195  0.226
  -22.0  0.178  0.179  0.181  0.185  0.191  0.200  0.212  0.138  0.174  0.203
  -21.0  0.138  0.138  0.140  0.143  0.148  0.155  0.164  0.108  0.160  0.187
  -20.0  0.094  0.094  0.096  0.098  0.101  0.106  0.112  0.081  0.143  0.167
  -19.0  0.054  0.054  0.055  0.056  0.058  0.061  0.065  0.065  0.121  0.143
  -18.0  0.023  0.023  0.024  0.024  0.025  0.026  0.028  0.049  0.098  0.116
  -17.0  0.000  0.000  0.000  0.000  0.000  0.000  0.000  0.031  0.073  0.088
  -16.0 -0.017 -0.018 -0.018 -0.018 -0.019 -0.020 -0.021  0.013  0.047  0.058
  -15.0 -0.033 -0.034 -0.034 -0.035 -0.036 -0.038 -0.039 -0.006  0.019  0.025
  -14.0 -0.049 -0.049 -0.050 -0.051 -0.053 -0.056 -0.055 -0.027 -0.011 -0.009
  -13.0 -0.065 -0.065 -0.066 -0.067 -0.070 -0.074 -0.067 -0.045 -0.041 -0.043
  -12.0 -0.079 -0.080 -0.081 -0.083 -0.086 -0.089 -0.076 -0.063 -0.067 -0.072
  -11.0 -0.095 -0.095 -0.097 -0.099 -0.103 -0.103 -0.087 -0.081 -0.089 -0.096
  -10.0 -0.112 -0.112 -0.114 -0.117 -0.121 -0.113 -0.096 -0.097 -0.107 -0.115
   -9.0 -0.126 -0.127 -0.129 -0.132 -0.135 -0.119 -0.104 -0.110 -0.121 -0.130
   -8.0 -0.129 -0.130 -0.132 -0.135 -0.139 -0.127 -0.116 -0.123 -0.136 -0.147
   -7.0 -0.128 -0.128 -0.130 -0.134 -0.138 -0.135 -0.130 -0.138 -0.152 -0.166
   -6.0 -0.126 -0.127 -0.129 -0.132 -0.137 -0.142 -0.145 -0.155 -0.171 -0.188
   -5.0 -0.124 -0.125 -0.127 -0.130 -0.135 -0.142 -0.153 -0.168 -0.186 -0.206
   -4.0 -0.114 -0.115 -0.116 -0.119 -0.124 -0.131 -0.144 -0.164 -0.183 -0.203
   -3.0 -0.102 -0.102 -0.104 -0.106 -0.110 -0.116 -0.127 -0.150 -0.173 -0.194
   -2.0 -0.095 -0.096 -0.097 -0.100 -0.104 -0.109 -0.117 -0.140 -0.175 -0.201
   -1.0 -0.093 -0.093 -0.094 -0.097 -0.100 -0.106 -0.113 -0.132 -0.177 -0.216
    0.0 -0.104 -0.104 -0.106 -0.109 -0.113 -0.119 -0.128 -0.162 -0.225 -0.268
    1.0 -0.123 -0.124 -0.126 -0.129 -0.134 -0.141 -0.154 -0.219 -0.296 -0.345
    2.0 -0.140 -0.140 -0.143 -0.146 -0.152 -0.160 -0.181 -0.267 -0.359 -0.412
    3.0 -0.148 -0.149 -0.151 -0.155 -0.161 -0.170 -0.206 -0.318 -0.402 -0.459
    4.0 -0.148 -0.149 -0.151 -0.155 -0.161 -0.171 -0.232 -0.352 -0.424 -0.483
    5.0 -0.144 -0.145 -0.147 -0.150 -0.156 -0.168 -0.256 -0.372 -0.436 -0.497
    6.0 -0.135 -0.136 -0.138 -0.141 -0.147 -0.168 -0.276 -0.387 -0.438 -0.499
    7.0 -0.122 -0.122 -0.124 -0.127 -0.133 -0.172 -0.297 -0.380 -0.426 -0.487
    8.0 -0.107 -0.108 -0.109 -0.112 -0.119 -0.186 -0.307 -0.366 -0.409 -0.468
    9.0 -0.093 -0.093 -0.095 -0.097 -0.106 -0.200 -0.305 -0.350 -0.390 -0.447
   10.0 -0.079 -0.080 -0.081 -0.083 -0.096 -0.194 -0.296 -0.332 -0.370 -0.425
   11.0 -0.067 -0.067 -0.068 -0.070 -0.089 -0.195 -0.285 -0.316 -0.352 -0.405
   12.0 -0.057 -0.057 -0.058 -0.059 -0.089 -0.203 -0.276 -0.304 -0.338 -0.390
   13.0 -0.049 -0.049 -0.050 -0.051 -0.093 -0.210 -0.269 -0.295 -0.328 -0.379
   14.0 -0.045 -0.045 -0.046 -0.047 -0.099 -0.214 -0.264 -0.289 -0.321 -0.371
   15.0 -0.046 -0.046 -0.047 -0.048 -0.104 -0.215 -0.260 -0.284 -0.316 -0.365
   16.0 -0.053 -0.053 -0.054 -0.055 -0.105 -0.214 -0.255 -0.279 -0.310 -0.358
   17.0 -0.068 -0.068 -0.069 -0.071 -0.096 -0.204 -0.247 -0.270 -0.300 -0.347
   18.0 -0.093 -0.093 -0.095 -0.097 -0.100 -0.181 -0.232 -0.254 -0.283 -0.326
   19.0 -0.125 -0.125 -0.127 -0.130 -0.135 -0.135 -0.212 -0.234 -0.260 -0.299
   20.0 -0.155 -0.156 -0.158 -0.162 -0.168 -0.164 -0.181 -0.214 -0.237 -0.271
   21.0 -0.183 -0.184 -0.186 -0.190 -0.197 -0.206 -0.137 -0.198 -0.221 -0.252
   22.0 -0.208 -0.209 -0.211 -0.216 -0.223 -0.233 -0.222 -0.179 -0.213 -0.242
   24.0 -0.245 -0.246 -0.249 -0.254 -0.262 -0.273 -0.289 -0.185 -0.208 -0.239
   30.0 -0.306 -0.307 -0.311 -0.317 -0.325 -0.338 -0.355 -0.240 -0.251 -0.279
   36.0 -0.354 -0.355 -0.359 -0.365 -0.373 -0.386 -0.403 -0.285 -0.299 -0.327
   42.0 -0.396 -0.397 -0.400 -0.405 -0.413 -0.425 -0.441 -0.329 -0.345 -0.371
   48.0 -0.431 -0.432 -0.434 -0.439 -0.446 -0.457 -0.471 -0.372 -0.386 -0.409
   54.0 -0.459 -0.460 -0.462 -0.466 -0.472 -0.481 -0.492 -0.411 -0.423 -0.442
   60.0 -0.482 -0.482 -0.484 -0.487 -0.492 -0.498 -0.506 -0.445 -0.455 -0.469
   66.0 -0.499 -0.499 -0.501 -0.503 -0.506 -0.511 -0.515 -0.474 -0.481 -0.491
   72.0 -0.511 -0.511 -0.512 -0.513 -0.515 -0.518 -0.520 -0.497 -0.501 -0.507
   78.0 -0.518 -0.518 -0.519 -0.519 -0.520 -0.522 -0.523 -0.513 -0.516 -0.518
   84.0 -0.522 -0.522 -0.522 -0.522 -0.522 -0.523 -0.524 -0.522 -0.523 -0.523
   90.0 -0.521 -0.521 -0.521 -0.521 -0.521 -0.521 -0.522 -0.524 -0.525 -0.524
   96.0 -0.517 -0.517 -0.517 -0.517 -0.518 -0.518 -0.519 -0.519 -0.520 -0.520
  102.0 -0.510 -0.510 -0.510 -0.511 -0.511 -0.512 -0.513 -0.508 -0.509 -0.510
  108.0 -0.499 -0.499 -0.499 -0.500 -0.502 -0.504 -0.506 -0.489 -0.493 -0.496
  114.0 -0.483 -0.484 -0.485 -0.486 -0.489 -0.493 -0.497 -0.464 -0.470 -0.477
  120.0 -0.464 -0.464 -0.466 -0.468 -0.472 -0.478 -0.484 -0.434 -0.442 -0.454
  126.0 -0.440 -0.440 -0.442 -0.446 -0.451 -0.458 -0.468 -0.398 -0.409 -0.425
  132.0 -0.410 -0.411 -0.413 -0.417 -0.424 -0.433 -0.445 -0.358 -0.371 -0.391
  138.0 -0.375 -0.376 -0.379 -0.384 -0.391 -0.402 -0.416 -0.315 -0.329 -0.353
  144.0 -0.335 -0.336 -0.339 -0.344 -0.352 -0.363 -0.379 -0.271 -0.285 -0.310
  150.0 -0.289 -0.290 -0.293 -0.298 -0.306 -0.318 -0.334 -0.228 -0.238 -0.264
  156.0 -0.238 -0.239 -0.242 -0.247 -0.254 -0.265 -0.280 -0.186 -0.190 -0.214
  162.0 -0.183 -0.183 -0.186 -0.190 -0.196 -0.205 -0.218 -0.145 -0.142 -0.163
  168.0 -0.124 -0.124 -0.126 -0.129 -0.134 -0.140 -0.150 -0.101 -0.094 -0.109
  174.0 -0.063 -0.063 -0.064 -0.065 -0.068 -0.071 -0.076 -0.053 -0.047 -0.055
  180.0  0.000  0.000  0.000  0.000  0.000  0.000  0.000  0.000  0.000  0.000
