          0.00   0.10   0.20   0.30   0.40   0.50   0.60   0.70   0.80   0.90
 -180.0  0.000  0.000  0.000  0.000  0.000  0.000  0.000  0.000  0.000  0.000
 -174.0  0.248  0.249  0.252  0.259  0.269  0.283  0.302  0.207  0.184  0.215
 -168.0  0.478  0.481  0.488  0.500  0.519  0.546  0.584  0.384  0.356  0.416
 -162.0  0.678  0.681  0.691  0.708  0.735  0.773  0.827  0.516  0.504  0.590
 -156.0  0.834  0.838  0.851  0.872  0.905  0.952  1.018  0.603  0.621  0.726
 -150.0  0.942  0.947  0.961  0.985  1.022  1.076  1.149  0.656  0.701  0.820
 -144.0  0.999  1.004  1.019  1.045  1.084  1.141  1.218  0.680  0.743  0.870
 -138.0  1.007  1.012  1.027  1.053  1.093  1.150  1.227  0.678  0.749  0.876
 -132.0  0.970  0.975  0.989  1.014  1.053  1.107  1.179  0.649  0.722  0.844
 -126.0  0.893  0.898  0.911  0.934  0.969  1.020  1.081  0.596  0.664  0.777
 -120.0  0.783  0.786  0.798  0.818  0.849  0.893  0.941  0.522  0.582  0.681
 -114.0  0.643  0.646  0.656  0.673  0.698  0.734  0.766  0.429  0.478  0.560
 -108.0  0.481  0.483  0.490  0.503  0.521  0.549  0.565  0.320  0.358  0.418
 -102.0  0.300  0.302  0.306  0.314  0.326  0.343  0.349  0.200  0.223  0.261
  -96.0  0.108  0.109  0.110  0.113  0.117  0.123  0.124  0.072  0.080  0.094
  -90.0 -0.090 -0.090 -0.091 -0.094 -0.097 -0.102 -0.103 -0.060 -0.067 -0.078
  -84.0 -0.286 -0.288 -0.292 -0.299 -0.311 -0.327 -0.329 -0.191 -0.213 -0.249
  -78.0 -0.475 -0.477 -0.484 -0.497 -0.515 -0.542 -0.551 -0.316 -0.353 -0.413
  -72.0 -0.650 -0.653 -0.663 -0.680 -0.705 -0.742 -0.764 -0.433 -0.483 -0.566
  -66.0 -0.805 -0.809 -0.821 -0.842 -0.873 -0.919 -0.958 -0.536 -0.599 -0.701
  -60.0 -0.935 -0.939 -0.953 -0.978 -1.014 -1.067 -1.124 -0.623 -0.695 -0.814
  -54.0 -1.035 -1.040 -1.055 -1.082 -1.123 -1.181 -1.253 -0.691 -0.770 -0.900
  -48.0 -1.099 -1.104 -1.121 -1.149 -1.192 -1.255 -1.336 -0.735 -0.817 -0.956
  -42.0 -1.122 -1.128 -1.144 -1.173 -1.218 -1.281 -1.367 -0.755 -0.835 -0.977
  -36.0 -1.100 -1.105 -1.121 -1.150 -1.193 -1.255 -1.341 -0.749 -0.818 -0.957
  -30.0 -1.027 -1.032 -1.047 -1.074 -1.114 -1.172 -1.253 -0.715 -0.764 -0.894
  -24.0 -0.893 -0.897 -0.910 -0.933 -0.968 -1.019 -1.089 -0.640 -0.664 -0.777
  -22.0 -0.815 -0.819 -0.831 -0.852 -0.884 -0.930 -0.994 -0.586 -0.606 -0.709
  -21.0 -0.762 -0.766 -0.777 -0.797 -0.827 -0.870 -0.930 -0.547 -0.567 -0.663
  -20.0 -0.702 -0.705 -0.715 -0.734 -0.761 -0.801 -0.856 -0.502 -0.522 -0.611
  -19.0 -0.638 -0.641 -0.650 -0.667 -0.692 -0.728 -0.778 -0.455 -0.474 -0.555
  -18.0 -0.577 -0.580 -0.588 -0.603 -0.626 -0.658 -0.704 -0.408 -0.429 -0.502
  -17.0 -0.523 -0.526 -0.533 -0.547 -0.568 -0.597 -0.638 -0.365 -0.389 -0.455
  -16.0 -0.479 -0.481 -0.488 -0.500 -0.519 -0.546 -0.584 -0.327 -0.356 -0.417
  -15.0 -0.444 -0.446 -0.453 -0.465 -0.482 -0.507 -0.541 -0.299 -0.330 -0.387
  -14.0 -0.415 -0.417 -0.423 -0.434 -0.450 -0.474 -0.501 -0.277 -0.309 -0.361
  -13.0 -0.387 -0.389 -0.395 -0.405 -0.420 -0.442 -0.436 -0.258 -0.288 -0.337
  -12.0 -0.373 -0.374 -0.380 -0.390 -0.404 -0.425 -0.284 -0.248 -0.277 -0.324
  -11.0 -0.371 -0.373 -0.379 -0.388 -0.403 -0.423 -0.230 -0.247 -0.276 -0.323
  -10.0 -0.380 -0.382 -0.388 -0.398 -0.413 -0.422 -0.232 -0.253 -0.283 -0.331
   -9.0 -0.396 -0.398 -0.404 -0.414 -0.430 -0.364 -0.242 -0.264 -0.295 -0.345
   -8.0 -0.362 -0.363 -0.369 -0.378 -0.392 -0.308 -0.221 -0.241 -0.269 -0.315
   -7.0 -0.274 -0.276 -0.280 -0.287 -0.298 -0.275 -0.167 -0.183 -0.204 -0.239
   -6.0 -0.175 -0.176 -0.178 -0.183 -0.190 -0.195 -0.107 -0.116 -0.130 -0.152
   -5.0 -0.069 -0.069 -0.070 -0.072 -0.075 -0.079 -0.043 -0.046 -0.051 -0.060
   -4.0  0.015  0.015  0.015  0.015  0.016  0.017  0.011  0.010  0.011  0.013
   -3.0  0.084  0.084  0.085  0.088  0.091  0.096  0.099  0.056  0.062  0.073
   -2.0  0.173  0.174  0.176  0.181  0.188  0.197  0.211  0.125  0.129  0.151
   -1.0  0.272  0.273  0.277  0.284  0.295  0.310  0.332  0.360  0.203  0.237
    0.0  0.413  0.415  0.421  0.432  0.448  0.471  0.504  0.547  0.309  0.359
    1.0  0.701  0.704  0.715  0.733  0.761  0.800  0.855  0.834  0.521  0.610
    2.0  0.867  0.871  0.884  0.907  0.941  0.990  1.058  0.703  0.645  0.755
    3.0  0.987  0.992  1.007  1.032  1.071  1.127  1.204  0.674  0.734  0.859
    4.0  1.099  1.104  1.120  1.149  1.192  1.254  1.325  0.733  0.817  0.956
    5.0  1.189  1.194  1.212  1.243  1.290  1.357  1.144  0.791  0.884  1.035
    6.0  1.250  1.256  1.275  1.307  1.357  1.426  0.795  0.832  0.930  1.088
    7.0  1.287  1.293  1.312  1.345  1.396  1.458  0.788  0.857  0.957  1.120
    8.0  1.314  1.320  1.339  1.373  1.425  1.399  0.802  0.874  0.977  1.143
    9.0  1.334  1.341  1.360  1.395  1.448  1.092  0.815  0.888  0.993  1.161
   10.0  1.345  1.352  1.372  1.407  1.459  0.850  0.821  0.895  1.001  1.171
   11.0  1.353  1.360  1.380  1.415  1.467  0.790  0.826  0.901  1.007  1.178
   12.0  1.370  1.377  1.397  1.432  1.480  0.786  0.836  0.912  1.019  1.192
   13.0  1.394  1.401  1.422  1.458  1.493  0.797  0.851  0.928  1.037  1.213
   14.0  1.420  1.427  1.448  1.485  1.494  0.811  0.867  0.945  1.056  1.236
   15.0  1.439  1.446  1.467  1.505  1.480  0.822  0.879  0.958  1.070  1.252
   16.0  1.434  1.441  1.462  1.499  1.467  0.819  0.875  0.955  1.067  1.248
   17.0  1.369  1.375  1.396  1.431  1.449  0.782  0.836  0.911  1.018  1.191
   18.0  1.218  1.224  1.242  1.273  1.319  0.703  0.743  0.811  0.906  1.060
   19.0  1.033  1.038  1.053  1.080  1.120  0.847  0.630  0.687  0.768  0.899
   20.0  0.922  0.926  0.940  0.964  1.000  1.048  0.566  0.614  0.686  0.802
   21.0  0.885  0.890  0.903  0.926  0.961  1.011  0.794  0.589  0.659  0.771
   22.0  0.881  0.885  0.898  0.921  0.956  1.006  1.064  0.588  0.655  0.767
   24.0  0.910  0.914  0.928  0.952  0.988  1.039  1.110  0.635  0.677  0.792
   30.0  1.027  1.032  1.047  1.074  1.114  1.172  1.253  0.715  0.764  0.894
   36.0  1.100  1.105  1.121  1.150  1.193  1.255  1.341  0.749  0.818  0.957
   42.0  1.122  1.128  1.144  1.173  1.218  1.281  1.367  0.755  0.835  0.977
   48.0  1.099  1.104  1.121  1.149  1.192  1.255  1.336  0.735  0.817  0.956
   54.0  1.035  1.040  1.055  1.082  1.123  1.181  1.253  0.691  0.770  0.900
   60.0  0.935  0.939  0.953  0.978  1.014  1.067  1.124  0.623  0.695  0.814
   66.0  0.805  0.809  0.821  0.842  0.873  0.919  0.958  0.536  0.599  0.701
   72.0  0.650  0.653  0.663  0.680  0.705  0.742  0.764  0.433  0.483  0.566
   78.0  0.475  0.477  0.484  0.497  0.515  0.542  0.551  0.316  0.353  0.413
   84.0  0.286  0.288  0.292  0.299  0.311  0.327  0.329  0.191  0.213  0.249
   90.0  0.090  0.090  0.091  0.094  0.097  0.102  0.103  0.060  0.067  0.078
   96.0 -0.108 -0.109 -0.110 -0.113 -0.117 -0.123 -0.124 -0.072 -0.080 -0.094
  102.0 -0.300 -0.302 -0.306 -0.314 -0.326 -0.343 -0.349 -0.200 -0.223 -0.261
  108.0 -0.481 -0.483 -0.490 -0.503 -0.521 -0.549 -0.565 -0.320 -0.358 -0.418
  114.0 -0.643 -0.646 -0.656 -0.673 -0.698 -0.734 -0.766 -0.429 -0.478 -0.560
  120.0 -0.783 -0.786 -0.798 -0.818 -0.849 -0.893 -0.941 -0.522 -0.582 -0.681
  126.0 -0.893 -0.898 -0.911 -0.934 -0.969 -1.020 -1.081 -0.596 -0.664 -0.777
  132.0 -0.970 -0.975 -0.989 -1.014 -1.053 -1.107 -1.179 -0.649 -0.722 -0.844
  138.0 -1.007 -1.012 -1.027 -1.053 -1.093 -1.150 -1.227 -0.678 -0.749 -0.876
  144.0 -0.999 -1.004 -1.019 -1.045 -1.084 -1.141 -1.218 -0.680 -0.743 -0.870
  150.0 -0.942 -0.947 -0.961 -0.985 -1.022 -1.076 -1.149 -0.656 -0.701 -0.820
  156.0 -0.834 -0.838 -0.851 -0.872 -0.905 -0.952 -1.018 -0.603 -0.621 -0.726
  162.0 -0.678 -0.681 -0.691 -0.708 -0.735 -0.773 -0.827 -0.516 -0.504 -0.590
  168.0 -0.478 -0.481 -0.488 -0.500 -0.519 -0.546 -0.584 -0.384 -0.356 -0.416
  174.0 -0.248 -0.249 -0.252 -0.259 -0.269 -0.283 -0.302 -0.207 -0.184 -0.215
  180.0  0.000  0.000  0.000  0.000  0.000  0.000  0.000  0.000  0.000  0.000
          0.00   0.10   0.20   0.30   0.40   0.50   0.60   0.70   0.80   0.90
 -180.0  0.005  0.005  0.005  0.005  0.005  0.005  0.005  0.012  0.018  0.016
 -174.0  0.037  0.037  0.037  0.037  0.037  0.037  0.037  0.044  0.050  0.048
 -168.0  0.131  0.131  0.131  0.131  0.131  0.131  0.131  0.138  0.144  0.142
 -162.0  0.278  0.278  0.278  0.278  0.278  0.278  0.278  0.285  0.291  0.289
 -156.0  0.465  0.465  0.465  0.465  0.465  0.465  0.465  0.473  0.478  0.476
 -150.0  0.678  0.678  0.678  0.678  0.678  0.678  0.678  0.686  0.691  0.689
 -144.0  0.902  0.902  0.902  0.902  0.902  0.902  0.902  0.911  0.915  0.913
 -138.0  1.124  1.124  1.124  1.124  1.124  1.124  1.124  1.133  1.137  1.135
 -132.0  1.334  1.334  1.334  1.334  1.334  1.334  1.335  1.344  1.348  1.345
 -126.0  1.524  1.524  1.524  1.524  1.524  1.524  1.526  1.535  1.538  1.535
 -120.0  1.691  1.691  1.691  1.691  1.691  1.691  1.693  1.702  1.705  1.702
 -114.0  1.831  1.831  1.831  1.831  1.831  1.831  1.833  1.842  1.845  1.842
 -108.0  1.941  1.941  1.941  1.941  1.941  1.941  1.944  1.953  1.956  1.952
 -102.0  2.021  2.021  2.021  2.021  2.021  2.021  2.025  2.033  2.036  2.032
  -96.0  2.069  2.069  2.069  2.069  2.069  2.069  2.073  2.081  2.084  2.080
  -90.0  2.085  2.085  2.085  2.085  2.085  2.085  2.089  2.097  2.100  2.096
  -84.0  2.068  2.068  2.068  2.068  2.068  2.068  2.072  2.080  2.083  2.079
  -78.0  2.019  2.019  2.019  2.019  2.019  2.019  2.022  2.030  2.033  2.029
  -72.0  1.938  1.938  1.938  1.938  1.938  1.938  1.941  1.949  1.952  1.948
  -66.0  1.826  1.826  1.826  1.826  1.826  1.826  1.829  1.838  1.841  1.837
  -60.0  1.686  1.686  1.686  1.686  1.686  1.686  1.688  1.697  1.700  1.697
  -54.0  1.519  1.519  1.519  1.519  1.519  1.519  1.521  1.530  1.534  1.530
  -48.0  1.329  1.329  1.329  1.329  1.329  1.329  1.330  1.339  1.343  1.340
  -42.0  1.119  1.119  1.119  1.119  1.119  1.119  1.120  1.129  1.133  1.130
  -36.0  0.898  0.898  0.898  0.898  0.898  0.898  0.898  0.907  0.912  0.909
  -30.0  0.674  0.674  0.674  0.674  0.674  0.674  0.675  0.683  0.688  0.685
  -24.0  0.447  0.447  0.447  0.447  0.447  0.447  0.447  0.455  0.460  0.458
  -22.0  0.360  0.360  0.360  0.360  0.360  0.360  0.361  0.368  0.374  0.371
  -21.0  0.316  0.316  0.316  0.316  0.316  0.316  0.316  0.324  0.329  0.327
  -20.0  0.276  0.276  0.276  0.276  0.276  0.276  0.276  0.284  0.289  0.287
  -19.0  0.243  0.243  0.243  0.243  0.243  0.243  0.244  0.251  0.257  0.255
  -18.0  0.219  0.219  0.219  0.219  0.219  0.219  0.219  0.227  0.232  0.230
  -17.0  0.200  0.200  0.200  0.200  0.200  0.200  0.201  0.209  0.214  0.212
  -16.0  0.185  0.185  0.185  0.185  0.185  0.185  0.185  0.193  0.198  0.196
  -15.0  0.169  0.169  0.169  0.169  0.169  0.169  0.169  0.178  0.182  0.180
  -14.0  0.152  0.152  0.152  0.152  0.152  0.152  0.154  0.162  0.166  0.163
  -13.0  0.132  0.132  0.132  0.132  0.132  0.132  0.136  0.145  0.147  0.143
  -12.0  0.109  0.109  0.109  0.109  0.109  0.109  0.116  0.123  0.125  0.120
  -11.0  0.087  0.087  0.087  0.087  0.087  0.087  0.096  0.102  0.102  0.097
  -10.0  0.067  0.067  0.067  0.067  0.067  0.070  0.078  0.083  0.083  0.077
   -9.0  0.044  0.044  0.044  0.044  0.044  0.049  0.057  0.061  0.060  0.054
   -8.0  0.027  0.027  0.027  0.027  0.027  0.033  0.041  0.045  0.043  0.037
   -7.0  0.018  0.018  0.018  0.018  0.018  0.023  0.031  0.035  0.034  0.028
   -6.0  0.013  0.013  0.013  0.013  0.013  0.015  0.024  0.029  0.029  0.023
   -5.0  0.010  0.010  0.010  0.010  0.010  0.011  0.020  0.026  0.026  0.021
   -4.0  0.009  0.009  0.009  0.009  0.009  0.009  0.016  0.023  0.024  0.020
   -3.0  0.009  0.009  0.009  0.009  0.009  0.009  0.012  0.020  0.023  0.020
   -2.0  0.009  0.009  0.009  0.009  0.009  0.009  0.009  0.016  0.022  0.020
   -1.0  0.009  0.009  0.009  0.009  0.009  0.009  0.009  0.010  0.018  0.020
    0.0  0.009  0.009  0.009  0.009  0.009  0.009  0.009  0.010  0.018  0.019
    1.0  0.009  0.009  0.009  0.009  0.009  0.009  0.009  0.013  0.020  0.020
    2.0  0.009  0.009  0.009  0.009  0.009  0.009  0.009  0.016  0.022  0.020
    3.0  0.010  0.010  0.010  0.010  0.010  0.010  0.010  0.018  0.023  0.021
    4.0  0.010  0.010  0.010  0.010  0.010  0.010  0.012  0.021  0.024  0.021
    5.0  0.011  0.011  0.011  0.011  0.011  0.011  0.016  0.024  0.026  0.022
    6.0  0.013  0.013  0.013  0.013  0.013  0.013  0.021  0.028  0.028  0.023
    7.0  0.015  0.015  0.015  0.015  0.015  0.016  0.025  0.031  0.030  0.025
    8.0  0.017  0.017  0.017  0.017  0.017  0.020  0.029  0.034  0.033  0.027
    9.0  0.020  0.020  0.020  0.020  0.020  0.025  0.034  0.037  0.036  0.030
   10.0  0.024  0.024  0.024  0.024  0.024  0.031  0.039  0.042  0.040  0.034
   11.0  0.029  0.029  0.029  0.029  0.030  0.038  0.046  0.048  0.045  0.039
   12.0  0.036  0.036  0.036  0.036  0.037  0.046  0.053  0.055  0.052  0.045
   13.0  0.042  0.042  0.042  0.042  0.044  0.054  0.060  0.062  0.059  0.052
   14.0  0.048  0.048  0.048  0.048  0.051  0.061  0.067  0.068  0.065  0.058
   15.0  0.054  0.054  0.054  0.054  0.058  0.067  0.073  0.074  0.070  0.064
   16.0  0.062  0.062  0.062  0.062  0.066  0.075  0.081  0.082  0.078  0.072
   17.0  0.079  0.079  0.079  0.079  0.082  0.091  0.098  0.099  0.096  0.089
   18.0  0.120  0.120  0.120  0.120  0.120  0.130  0.136  0.139  0.136  0.130
   19.0  0.192  0.192  0.192  0.192  0.192  0.198  0.206  0.210  0.208  0.202
   20.0  0.263  0.263  0.263  0.263  0.263  0.264  0.273  0.279  0.279  0.274
   21.0  0.315  0.315  0.315  0.315  0.315  0.315  0.320  0.328  0.330  0.325
   22.0  0.363  0.363  0.363  0.363  0.363  0.363  0.365  0.374  0.378  0.374
   24.0  0.452  0.452  0.452  0.452  0.452  0.452  0.452  0.460  0.465  0.463
   30.0  0.675  0.675  0.675  0.675  0.675  0.675  0.675  0.683  0.688  0.686
   36.0  0.898  0.898  0.898  0.898  0.898  0.898  0.898  0.907  0.912  0.909
   42.0  1.119  1.119  1.119  1.119  1.119  1.119  1.120  1.129  1.133  1.130
   48.0  1.329  1.329  1.329  1.329  1.329  1.329  1.330  1.339  1.343  1.340
   54.0  1.519  1.519  1.519  1.519  1.519  1.519  1.521  1.530  1.534  1.530
   60.0  1.686  1.686  1.686  1.686  1.686  1.686  1.688  1.697  1.700  1.697
   66.0  1.826  1.826  1.826  1.826  1.826  1.826  1.829  1.838  1.841  1.837
   72.0  1.938  1.938  1.938  1.938  1.938  1.938  1.941  1.949  1.952  1.948
   78.0  2.019  2.019  2.019  2.019  2.019  2.019  2.022  2.030  2.033  2.029
   84.0  2.068  2.068  2.068  2.068  2.068  2.068  2.072  2.080  2.083  2.079
   90.0  2.085  2.085  2.085  2.085  2.085  2.085  2.089  2.097  2.100  2.096
   96.0  2.069  2.069  2.069  2.069  2.069  2.069  2.073  2.081  2.084  2.080
  102.0  2.021  2.021  2.021  2.021  2.021  2.021  2.025  2.033  2.036  2.032
  108.0  1.941  1.941  1.941  1.941  1.941  1.941  1.944  1.953  1.956  1.952
  114.0  1.831  1.831  1.831  1.831  1.831  1.831  1.833  1.842  1.845  1.842
  120.0  1.691  1.691  1.691  1.691  1.691  1.691  1.693  1.702  1.705  1.702
  126.0  1.524  1.524  1.524  1.524  1.524  1.524  1.526  1.535  1.538  1.535
  132.0  1.334  1.334  1.334  1.334  1.334  1.334  1.335  1.344  1.348  1.345
  138.0  1.124  1.124  1.124  1.124  1.124  1.124  1.124  1.133  1.137  1.135
  144.0  0.902  0.902  0.902  0.902  0.902  0.902  0.902  0.911  0.915  0.913
  150.0  0.678  0.678  0.678  0.678  0.678  0.678  0.678  0.686  0.691  0.689
  156.0  0.465  0.465  0.465  0.465  0.465  0.465  0.465  0.473  0.478  0.476
  162.0  0.278  0.278  0.278  0.278  0.278  0.278  0.278  0.285  0.291  0.289
  168.0  0.131  0.131  0.131  0.131  0.131  0.131  0.131  0.138  0.144  0.142
  174.0  0.037  0.037  0.037  0.037  0.037  0.037  0.037  0.044  0.050  0.048
  180.0  0.005  0.005  0.005  0.005  0.005  0.005  0.005  0.012  0.018  0.016
          0.00   0.10   0.20   0.30   0.40   0.50   0.60   0.70   0.80   0.90
 -180.0  0.000  0.000  0.000  0.000  0.000  0.000  0.000  0.000  0.000  0.000
 -174.0  0.063  0.063  0.064  0.065  0.068  0.071  0.076  0.053  0.047  0.055
 -168.0  0.124  0.124  0.126  0.129  0.134  0.140  0.150  0.101  0.094  0.109
 -162.0  0.183  0.183  0.186  0.190  0.196  0.205  0.218  0.145  0.142  0.163
 -156.0  0.238  0.239  0.242  0.247  0.254  0.265  0.280  0.186  0.190  0.214
 -150.0  0.289  0.290  0.293  0.298  0.306  0.318  0.334  0.228  0.238  0.264
 -144.0  0.335  0.336  0.339  0.344  0.352  0.363  0.379  0.271  0.285  0.310
 -138.0  0.375  0.376  0.379  0.384  0.391  0.402  0.416  0.315  0.329  0.353
 -132.0  0.410  0.411  0.413  0.417  0.424  0.433  0.445  0.358  0.371  0.391
 -126.0  0.440  0.440  0.442  0.446  0.451  0.458  0.468  0.398  0.409  0.425
 -120.0  0.464  0.464  0.466  0.468  0.472  0.478  0.484  0.434  0.442  0.454
 -114.0  0.483  0.484  0.485  0.486  0.489  0.493  0.497  0.464  0.470  0.477
 -108.0  0.499  0.499  0.499  0.500  0.502  0.504  0.506  0.489  0.493  0.496
 -102.0  0.510  0.510  0.510  0.511  0.511  0.512  0.513  0.508  0.509  0.510
  -96.0  0.517  0.517  0.517  0.517  0.518  0.518  0.519  0.519  0.520  0.520
  -90.0  0.521  0.521  0.521  0.521  0.521  0.521  0.522  0.524  0.525  0.524
  -84.0  0.522  0.522  0.522  0.522  0.522  0.523  0.524  0.522  0.523  0.523
  -78.0  0.518  0.518  0.519  0.519  0.520  0.522  0.523  0.513  0.516  0.518
  -72.0  0.511  0.511  0.512  0.513  0.515  0.518  0.520  0.497  0.501  0.507
  -66.0  0.499  0.499  0.501  0.503  0.506  0.511  0.515  0.474  0.481  0.491
  -60.0  0.482  0.482  0.484  0.487  0.492  0.498  0.506  0.445  0.455  0.469
  -54.0  0.459  0.460  0.462  0.466  0.472  0.481  0.492  0.411  0.423  0.442
  -48.0  0.431  0.432  0.434  0.439  0.446  0.457  0.471  0.372  0.386  0.409
  -42.0  0.396  0.397  0.400  0.405  0.413  0.425  0.441  0.329  0.345  0.371
  -36.0  0.354  0.355  0.359  0.365  0.373  0.386  0.403  0.285  0.299  0.327
  -30.0  0.306  0.307  0.311  0.316  0.325  0.338  0.355  0.240  0.251  0.279
  -24.0  0.236  0.237  0.240  0.245  0.252  0.263  0.278  0.183  0.196  0.228
  -22.0  0.182  0.183  0.185  0.189  0.196  0.204  0.217  0.143  0.179  0.209
  -21.0  0.144  0.145  0.147  0.150  0.155  0.162  0.172  0.115  0.169  0.197
  -20.0  0.103  0.104  0.105  0.107  0.111  0.116  0.123  0.092  0.156  0.182
  -19.0  0.066  0.066  0.067  0.068  0.071  0.074  0.079  0.080  0.141  0.165
  -18.0  0.036  0.037  0.037  0.038  0.039  0.041  0.044  0.069  0.123  0.144
  -17.0  0.015  0.015  0.015  0.016  0.016  0.017  0.018  0.057  0.104  0.122
  -16.0 -0.001 -0.001 -0.001 -0.001 -0.001 -0.001 -0.001  0.045  0.083  0.098
  -15.0 -0.014 -0.014 -0.015 -0.015 -0.016 -0.016 -0.011  0.034  0.063  0.075
  -14.0 -0.026 -0.027 -0.027 -0.028 -0.029 -0.030 -0.018  0.024  0.042  0.051
  -13.0 -0.039 -0.039 -0.040 -0.041 -0.042 -0.044 -0.023  0.010  0.019  0.025
  -12.0 -0.052 -0.052 -0.053 -0.054 -0.057 -0.057 -0.032 -0.006 -0.003  0.000
  -11.0 -0.066 -0.066 -0.067 -0.069 -0.071 -0.068 -0.039 -0.023 -0.025 -0.023
  -10.0 -0.080 -0.081 -0.082 -0.084 -0.087 -0.074 -0.047 -0.041 -0.045 -0.046
   -9.0 -0.095 -0.095 -0.096 -0.099 -0.101 -0.080 -0.058 -0.058 -0.064 -0.067
   -8.0 -0.101 -0.102 -0.103 -0.106 -0.108 -0.089 -0.071 -0.074 -0.081 -0.086
   -7.0 -0.102 -0.102 -0.104 -0.106 -0.109 -0.098 -0.085 -0.089 -0.098 -0.105
   -6.0 -0.101 -0.101 -0.103 -0.105 -0.109 -0.107 -0.100 -0.104 -0.115 -0.125
   -5.0 -0.101 -0.102 -0.103 -0.106 -0.110 -0.114 -0.116 -0.123 -0.136 -0.150
   -4.0 -0.098 -0.098 -0.100 -0.102 -0.106 -0.112 -0.120 -0.132 -0.146 -0.162
   -3.0 -0.090 -0.090 -0.092 -0.094 -0.098 -0.103 -0.114 -0.131 -0.148 -0.164
   -2.0 -0.085 -0.086 -0.087 -0.089 -0.093 -0.098 -0.106 -0.130 -0.157 -0.176
   -1.0 -0.084 -0.084 -0.086 -0.088 -0.091 -0.096 -0.103 -0.120 -0.161 -0.195
    0.0 -0.092 -0.092 -0.094 -0.096 -0.100 -0.105 -0.113 -0.134 -0.192 -0.238
    1.0 -0.131 -0.131 -0.133 -0.137 -0.142 -0.149 -0.162 -0.225 -0.310 -0.364
    2.0 -0.144 -0.144 -0.146 -0.150 -0.156 -0.164 -0.182 -0.268 -0.365 -0.422
    3.0 -0.146 -0.147 -0.149 -0.153 -0.159 -0.168 -0.196 -0.301 -0.395 -0.452
    4.0 -0.144 -0.145 -0.147 -0.151 -0.157 -0.166 -0.219 -0.339 -0.415 -0.473
    5.0 -0.137 -0.138 -0.140 -0.144 -0.149 -0.162 -0.258 -0.366 -0.422 -0.481
    6.0 -0.126 -0.127 -0.128 -0.132 -0.137 -0.161 -0.271 -0.370 -0.417 -0.476
    7.0 -0.111 -0.112 -0.113 -0.116 -0.122 -0.167 -0.288 -0.359 -0.402 -0.459
    8.0 -0.097 -0.097 -0.099 -0.101 -0.108 -0.185 -0.295 -0.345 -0.385 -0.441
    9.0 -0.084 -0.085 -0.086 -0.088 -0.098 -0.193 -0.293 -0.332 -0.370 -0.424
   10.0 -0.072 -0.072 -0.073 -0.075 -0.090 -0.189 -0.284 -0.317 -0.353 -0.406
   11.0 -0.059 -0.059 -0.060 -0.062 -0.085 -0.192 -0.272 -0.301 -0.335 -0.386
   12.0 -0.048 -0.048 -0.048 -0.050 -0.084 -0.197 -0.261 -0.287 -0.319 -0.369
   13.0 -0.039 -0.039 -0.040 -0.041 -0.088 -0.201 -0.253 -0.277 -0.309 -0.357
   14.0 -0.034 -0.034 -0.035 -0.036 -0.093 -0.203 -0.247 -0.271 -0.301 -0.349
   15.0 -0.034 -0.034 -0.035 -0.036 -0.096 -0.203 -0.243 -0.265 -0.296 -0.343
   16.0 -0.041 -0.041 -0.042 -0.043 -0.093 -0.198 -0.237 -0.259 -0.288 -0.334
   17.0 -0.058 -0.058 -0.059 -0.060 -0.078 -0.184 -0.228 -0.249 -0.277 -0.321
   18.0 -0.085 -0.086 -0.087 -0.089 -0.092 -0.150 -0.212 -0.234 -0.259 -0.299
   19.0 -0.116 -0.117 -0.118 -0.121 -0.125 -0.114 -0.190 -0.216 -0.240 -0.274
   20.0 -0.147 -0.147 -0.150 -0.153 -0.158 -0.166 -0.149 -0.202 -0.225 -0.256
   21.0 -0.177 -0.178 -0.181 -0.185 -0.191 -0.200 -0.169 -0.186 -0.216 -0.245
   22.0 -0.205 -0.206 -0.208 -0.213 -0.220 -0.230 -0.242 -0.161 -0.209 -0.239
   24.0 -0.244 -0.245 -0.248 -0.253 -0.261 -0.272 -0.288 -0.188 -0.207 -0.238
   30.0 -0.306 -0.307 -0.311 -0.317 -0.325 -0.338 -0.355 -0.240 -0.251 -0.279
   36.0 -0.354 -0.355 -0.359 -0.365 -0.373 -0.386 -0.403 -0.285 -0.299 -0.327
   42.0 -0.396 -0.397 -0.400 -0.405 -0.413 -0.425 -0.441 -0.329 -0.345 -0.371
   48.0 -0.431 -0.432 -0.434 -0.439 -0.446 -0.457 -0.471 -0.372 -0.386 -0.409
   54.0 -0.459 -0.460 -0.462 -0.466 -0.472 -0.481 -0.492 -0.411 -0.423 -0.442
   60.0 -0.482 -0.482 -0.484 -0.487 -0.492 -0.498 -0.506 -0.445 -0.455 -0.469
   66.0 -0.499 -0.499 -0.501 -0.503 -0.506 -0.511 -0.515 -0.474 -0.481 -0.491
   72.0 -0.511 -0.511 -0.512 -0.513 -0.515 -0.518 -0.520 -0.497 -0.501 -0.507
   78.0 -0.518 -0.518 -0.519 -0.519 -0.520 -0.522 -0.523 -0.513 -0.516 -0.518
   84.0 -0.522 -0.522 -0.522 -0.522 -0.522 -0.523 -0.524 -0.522 -0.523 -0.523
   90.0 -0.521 -0.521 -0.521 -0.521 -0.521 -0.521 -0.522 -0.524 -0.525 -0.524
   96.0 -0.517 -0.517 -0.517 -0.517 -0.518 -0.518 -0.519 -0.519 -0.520 -0.520
  102.0 -0.510 -0.510 -0.510 -0.511 -0.511 -0.512 -0.513 -0.508 -0.509 -0.510
  108.0 -0.499 -0.499 -0.499 -0.500 -0.502 -0.504 -0.506 -0.489 -0.493 -0.496
  114.0 -0.483 -0.484 -0.485 -0.486 -0.489 -0.493 -0.497 -0.464 -0.470 -0.477
  120.0 -0.464 -0.464 -0.466 -0.468 -0.472 -0.478 -0.484 -0.434 -0.442 -0.454
  126.0 -0.440 -0.440 -0.442 -0.446 -0.451 -0.458 -0.468 -0.398 -0.409 -0.425
  132.0 -0.410 -0.411 -0.413 -0.417 -0.424 -0.433 -0.445 -0.358 -0.371 -0.391
  138.0 -0.375 -0.376 -0.379 -0.384 -0.391 -0.402 -0.416 -0.315 -0.329 -0.353
  144.0 -0.335 -0.336 -0.339 -0.344 -0.352 -0.363 -0.379 -0.271 -0.285 -0.310
  150.0 -0.289 -0.290 -0.293 -0.298 -0.306 -0.318 -0.334 -0.228 -0.238 -0.264
  156.0 -0.238 -0.239 -0.242 -0.247 -0.254 -0.265 -0.280 -0.186 -0.190 -0.214
  162.0 -0.183 -0.183 -0.186 -0.190 -0.196 -0.205 -0.218 -0.145 -0.142 -0.163
  168.0 -0.124 -0.124 -0.126 -0.129 -0.134 -0.140 -0.150 -0.101 -0.094 -0.109
  174.0 -0.063 -0.063 -0.064 -0.065 -0.068 -0.071 -0.076 -0.053 -0.047 -0.055
  180.0  0.000  0.000  0.000  0.000  0.000  0.000  0.000  0.000  0.000  0.000
